# Reference tone list for the favourite tune (legacy/examples/sndharmonics4_1700-400c.ogg).
# Produced by the unmodified 2011-02-14 source (legacy/examples/sndharmonics4.source.2011.02.14.tar.gz)
# with srand(1297735820), glibc rand(), totalSongTime = 500. Three independent traced runs agree on every line.
# Covers cycles 0..469 (ticks 0..5169): everything before the end phase. The last audible tone starts at tick 5154.
# A new composer given the same rules, generator, seed and cycles must reproduce this list exactly.
#
# tick     slot boundary index; cycle = tick / 11, slot = tick % 11
# parent   tick at which the tone it derives from was created (the tone then occupying the previous slot)
# ratio    exact frequency ratio to the parent tone
# freq_hz  resulting frequency (double, 17 significant digits)
# pan      0 = left .. 1 = right
# reps     repetition count N: struck N+1 times, once per cycle, at gain N/N, (N-1)/N, .. 0/N
# level    1 = sounds, 0 = tracked silently (still passes its frequency on to the next slot)
# jitter   raw 0..99 draw; the 2011 sound uses it for the vibrato period, 18000 * (1 + 0.001 * jitter)
#          samples at 44.1 kHz ('-' = no draw, 18000)
#
# tick cycle slot parent ratio freq_hz pan reps level jitter
0 0 0 - - 1299.5451597662952 0.26 13 1 -
1 0 1 0 5/16 406.10786242696724 0.70 3 0 49
2 0 2 1 1/2 203.05393121348362 0.28 3 1 57
3 0 3 2 2/1 406.10786242696724 0.05 1 1 59
4 0 4 3 5/4 507.63482803370903 0.70 7 0 36
5 0 5 4 2/3 338.42321868913933 0.33 2 0 46
6 0 6 5 1/2 169.21160934456967 0.55 7 0 31
7 0 7 6 2/3 112.80773956304644 0.58 1 0 64
8 0 8 7 1/2 56.40386978152322 0.33 3 0 86
9 0 9 8 8/5 90.246191650437154 0.31 2 0 40
10 0 10 9 3/2 135.36928747565574 0.98 2 0 71
25 2 3 2 4/1 812.21572485393449 0.25 5 0 27
29 2 7 6 1/1 169.21160934456967 0.29 1 0 50
38 3 5 4 3/8 190.36306051264089 0.16 3 0 20
42 3 9 8 5/1 282.01934890761612 0.70 3 0 90
43 3 10 42 16/5 902.46191650437163 0.12 5 0 87
45 4 1 0 3/4 974.65886982472148 0.34 1 0 12
46 4 2 45 4/5 779.72709585977725 0.05 2 0 44
51 4 7 6 6/1 1015.2696560674181 0.69 2 0 12
52 4 8 51 16/5 3248.862899415738 0.43 1 0 12
67 6 1 0 1/4 324.88628994157381 0.38 1 0 79
74 6 8 51 16/5 3248.862899415738 0.10 1 0 87
79 7 2 67 2/5 129.95451597662952 0.46 3 0 34
82 7 5 4 4/5 406.10786242696724 0.15 1 0 2
84 7 7 6 1/1 169.21160934456967 0.36 3 0 43
86 7 9 74 8/5 5198.1806390651809 0.79 3 0 77
89 8 1 0 2/3 866.36343984419682 0.88 1 0 16
91 8 3 79 3/2 194.93177396494428 0.77 2 0 50
92 8 4 91 5/8 121.83235872809018 0.03 2 0 94
94 8 6 82 4/3 541.47714990262295 0.82 3 0 10
96 8 8 84 16/5 541.47714990262295 0.15 3 0 33
104 9 5 92 6/1 730.99415236854111 0.32 1 0 66
109 9 10 86 1/2 2599.0903195325905 0.37 2 0 55
111 10 1 0 5/1 6497.7257988314759 0.75 3 0 14
123 11 2 111 1/5 1299.5451597662952 0.71 1 0 84
124 11 3 123 8/3 3465.4537593767873 0.66 1 0 29
125 11 4 124 3/2 5198.1806390651809 0.34 3 0 95
126 11 5 125 1/6 866.36343984419682 0.74 3 0 50
128 11 7 94 5/4 676.84643737827867 0.78 1 0 58
130 11 9 96 1/5 108.2954299805246 0.04 3 0 77
138 12 6 126 1/2 433.18171992209841 0.78 3 0 23
140 12 8 128 5/2 1692.1160934456966 0.99 2 0 61
142 12 10 130 8/5 173.27268796883936 0.69 1 0 12
145 13 2 111 1/3 2165.9085996104918 0.14 1 0 46
146 13 3 145 3/1 6497.7257988314759 0.48 3 0 8
150 13 7 138 3/2 649.77257988314761 0.14 2 1 92
154 14 0 142 1/3 57.757562656279788 0.32 5 0 65
155 14 1 154 5/1 288.78781328139894 0.86 1 0 83
164 14 10 130 6/1 649.77257988314761 0.21 2 0 81
167 15 2 155 5/4 360.98476660174867 0.05 2 0 15
169 15 4 146 1/2 3248.862899415738 0.57 2 0 50
170 15 5 169 1/6 541.47714990262295 0.20 1 1 86
173 15 8 150 3/1 1949.317739649443 0.28 3 0 97
174 15 9 173 1/4 487.32943491236074 0.36 2 1 63
177 16 1 154 4/1 231.03025062511915 0.41 5 0 16
182 16 6 170 5/4 676.84643737827867 0.44 2 0 34
183 16 7 182 3/8 253.81741401685451 0.32 3 0 25
190 17 3 167 1/1 360.98476660174867 0.24 5 0 85
192 17 5 169 4/5 2599.0903195325905 0.81 5 0 76
197 17 10 174 3/2 730.99415236854111 0.62 1 0 72
200 18 2 177 2/3 154.02016708341276 0.76 2 0 2
202 18 4 190 5/8 225.61547912609291 0.28 1 0 10
207 18 9 173 1/2 974.65886982472148 0.37 1 0 75
215 19 6 192 2/5 1039.6361278130362 0.62 1 1 52
217 19 8 183 2/1 507.63482803370903 0.22 1 0 46
219 19 10 207 8/5 1559.4541917195545 0.61 2 0 68
220 20 0 219 6/1 9356.7251503173266 0.98 3 0 89
224 20 4 190 6/1 2165.9085996104923 0.54 1 0 37
227 20 7 215 16/5 3326.835609001716 0.96 1 0 37
229 20 9 217 3/4 380.72612102528177 0.35 2 1 94
233 21 2 177 2/3 154.02016708341276 0.17 1 0 42
237 21 6 192 1/6 433.18171992209841 0.54 3 1 12
239 21 8 227 2/1 6653.6712180034319 0.27 5 0 87
243 22 1 220 8/5 14970.760240507723 0.99 2 0 63
246 22 4 190 5/16 112.80773956304645 0.89 2 0 84
249 22 7 237 8/5 693.09075187535745 0.67 2 0 49
252 22 10 229 8/5 609.16179364045081 0.70 1 0 20
255 23 2 243 2/3 9980.5068270051488 0.18 1 0 11
256 23 3 255 4/5 7984.4054616041194 0.84 3 0 69
258 23 5 246 4/1 451.23095825218581 0.09 5 0 20
262 23 9 239 1/1 6653.6712180034319 0.57 5 0 87
264 24 0 252 8/3 1624.4314497078688 0.94 2 0 39
274 24 10 262 5/8 4158.5445112521447 0.26 3 0 43
276 25 1 264 8/3 4331.8171992209827 0.26 1 1 54
277 25 2 276 1/3 1443.9390664069942 0.99 3 0 85
279 25 4 256 5/4 9980.5068270051488 0.60 3 0 66
281 25 6 258 1/2 225.61547912609291 0.12 5 0 64
282 25 7 281 1/1 225.61547912609291 0.47 3 0 41
297 27 0 274 3/4 3118.9083834391085 0.65 3 1 93
298 27 1 297 1/4 779.72709585977714 0.71 5 0 6
300 27 3 277 8/3 3850.5041770853177 0.95 2 0 4
305 27 8 282 5/4 282.01934890761612 0.05 1 0 83
318 28 10 262 5/8 4158.5445112521447 0.82 3 0 86
321 29 2 298 4/3 1039.6361278130362 0.49 3 1 82
323 29 4 300 5/8 2406.5651106783234 0.83 3 0 12
324 29 5 323 4/3 3208.7534809044309 0.89 2 0 4
326 29 7 281 1/2 112.80773956304645 0.87 5 0 81
327 29 8 326 6/1 676.84643737827878 0.14 5 0 15
328 29 9 327 16/5 2165.9085996104923 0.14 2 1 75
333 30 3 321 8/3 2772.3630075014298 0.49 7 1 76
341 31 0 318 2/1 8317.0890225042895 0.88 2 0 53
347 31 6 324 1/3 1069.5844936348103 1.00 5 0 74
357 32 5 323 2/3 1604.3767404522155 0.32 1 0 0
361 32 9 327 4/3 902.46191650437163 0.07 5 0 76
362 32 10 361 5/16 282.01934890761612 0.79 2 0 90
364 33 1 341 1/3 2772.3630075014298 0.81 5 0 27
365 33 2 364 1/4 693.09075187535745 0.12 5 0 63
367 33 4 333 3/8 1039.6361278130362 0.57 3 0 16
374 34 0 362 1/5 56.403869781523227 0.14 1 0 36
379 34 5 367 8/3 2772.3630075014298 0.63 2 1 56
392 35 7 347 16/5 3422.6703796313932 0.18 3 1 94
393 35 8 392 2/1 6845.3407592627864 0.25 5 1 51
395 35 10 361 4/1 3609.8476660174865 0.23 2 0 13
396 36 0 395 5/8 2256.154791260929 0.11 2 0 62
411 37 4 333 16/5 8871.5616240045765 0.22 7 0 44
412 37 5 411 1/1 8871.5616240045765 0.87 3 1 9
413 37 6 412 3/2 13307.342436006864 0.45 2 0 8
421 38 3 365 1/5 138.61815037507151 0.73 7 0 62
427 38 9 393 5/16 2139.1689872696206 0.52 5 1 51
428 38 10 427 8/3 5704.4506327189883 0.22 3 0 45
429 39 0 428 3/4 4278.3379745392413 0.90 3 0 71
430 39 1 429 2/5 1711.3351898156966 0.63 7 0 62
431 39 2 430 1/3 570.44506327189879 0.52 11 1 7
436 39 7 413 1/2 6653.6712180034319 0.90 5 0 26
446 40 6 412 8/5 14194.498598407323 0.84 2 0 54
456 41 5 411 1/6 1478.5936040007628 0.89 11 0 77
459 41 8 436 8/5 10645.873948805493 0.64 5 0 86
472 42 10 427 1/4 534.79224681740516 0.11 2 0 99
473 43 0 472 2/3 356.52816454493677 0.98 5 0 62
479 43 6 456 1/2 739.29680200038138 0.40 5 0 51
493 44 9 459 1/5 2129.1747897610985 0.51 2 0 74
499 45 4 421 4/5 110.89452030005721 0.29 3 0 61
502 45 7 479 6/1 4435.7808120022883 0.99 3 0 53
505 45 10 493 5/16 665.36712180034328 0.01 2 0 75
509 46 3 431 5/8 356.52816454493677 0.81 1 1 20
518 47 1 473 6/1 2139.1689872696206 0.07 1 1 92
525 47 8 502 1/6 739.29680200038138 0.07 2 1 6
526 47 9 525 1/5 147.85936040007627 0.86 1 0 63
531 48 3 431 3/1 1711.3351898156964 0.31 5 1 98
538 48 10 526 5/4 184.82420050009534 0.20 7 1 17
539 49 0 538 5/2 462.06050125023836 0.64 1 1 64
540 49 1 539 4/5 369.64840100019069 0.06 1 0 67
543 49 4 531 2/3 1140.8901265437976 0.26 13 0 1
545 49 6 456 1/4 369.64840100019069 0.26 1 0 9
546 49 7 545 8/3 985.72906933384184 0.01 2 0 39
548 49 9 525 5/2 1848.2420050009534 0.87 2 1 93
558 50 8 546 5/16 308.04033416682557 0.73 2 0 31
561 51 0 538 5/8 115.51512531255959 0.88 5 0 5
562 51 1 561 2/1 231.03025062511918 0.76 3 0 38
563 51 2 562 16/5 739.29680200038138 0.08 3 0 69
567 51 6 456 8/3 3942.9162773353673 0.99 1 0 42
579 52 7 567 5/16 1232.1613366673023 0.46 7 0 68
581 52 9 558 1/4 77.010083541706393 0.32 5 0 35
588 53 5 543 2/5 456.35605061751903 0.72 2 0 76
589 53 6 588 1/2 228.17802530875952 0.52 2 1 10
591 53 8 579 1/5 246.43226733346046 0.34 1 0 33
597 54 3 563 5/1 3696.4840100019069 0.52 7 0 1
606 55 1 561 4/3 154.02016708341279 0.46 1 1 97
607 55 2 606 5/2 385.050417708532 0.44 1 0 67
613 55 8 579 4/5 985.72906933384184 0.87 5 1 97
621 56 5 543 2/5 456.35605061751903 0.92 7 0 80
622 56 6 621 8/5 730.16968098803045 0.58 1 0 57
626 56 10 581 6/1 462.06050125023836 0.43 3 0 99
627 57 0 626 5/8 288.787813281399 0.43 1 0 50
628 57 1 627 2/5 115.5151253125596 0.72 3 0 71
629 57 2 628 16/5 369.64840100019074 0.71 2 0 36
644 58 6 621 5/8 285.22253163594939 0.42 1 0 78
647 58 9 613 4/1 3942.9162773353673 0.97 1 0 29
649 59 0 626 2/3 308.04033416682557 0.01 1 1 30
662 60 2 628 2/1 231.03025062511921 0.80 1 0 17
666 60 6 621 1/6 76.059341769586496 0.12 3 0 96
667 60 7 666 2/3 50.706227846390995 1.00 2 0 72
669 60 9 613 5/2 2464.3226733346046 0.04 5 1 22
670 60 10 669 5/16 770.10083541706399 0.65 3 1 58
671 61 0 670 1/2 385.050417708532 0.87 1 1 36
672 61 1 671 1/2 192.525208854266 0.36 1 0 67
679 61 8 667 4/3 67.608303795187993 0.50 2 1 43
684 62 2 672 2/1 385.050417708532 0.22 3 1 24
685 62 3 684 5/16 120.32825553391625 0.72 11 1 74
693 63 0 670 2/3 513.40055694470925 0.65 17 0 74
694 63 1 693 6/1 3080.4033416682555 0.42 11 0 80
697 63 4 685 2/3 80.218837022610828 0.63 1 0 87
700 63 7 666 16/5 243.3898936626768 0.87 2 0 75
709 64 5 697 5/1 401.09418511305415 0.95 2 0 96
710 64 6 709 3/4 300.8206388347906 0.54 13 1 75
712 64 8 700 1/3 81.129964554225594 0.04 11 0 31
714 64 10 669 2/3 1642.8817822230696 0.86 5 0 38
719 65 4 685 1/1 120.32825553391625 0.31 7 0 62
728 66 2 694 1/5 616.08066833365115 0.05 3 0 60
733 66 7 710 5/8 188.01289927174412 0.28 5 0 72
735 66 9 712 4/1 324.51985821690238 0.77 7 1 94
742 67 5 719 6/1 721.96953320349746 0.25 1 1 92
764 69 5 719 4/5 96.262604427132999 0.86 5 1 22
772 70 2 694 2/1 6160.806683336511 0.10 11 0 38
780 70 10 735 5/8 202.82491138556398 0.80 1 1 23
799 72 7 710 8/3 802.18837022610819 0.68 1 1 92
802 72 10 735 3/8 121.6949468313384 0.85 1 0 62
807 73 4 685 3/2 180.49238330087437 0.72 5 0 5
817 74 3 772 3/8 2310.3025062511915 0.42 5 1 75
821 74 7 710 5/8 188.01289927174412 0.75 3 0 39
823 74 9 712 6/1 486.7797873253536 0.67 3 0 26
824 74 10 823 3/8 182.54242024700761 0.99 3 0 77
826 75 1 693 5/8 320.87534809044325 0.79 3 0 38
830 75 5 807 8/3 481.31302213566494 0.15 5 0 98
844 76 8 821 2/1 376.02579854348824 0.83 3 0 16
864 78 6 830 3/4 360.98476660174867 0.74 1 1 6
865 78 7 864 2/5 144.39390664069947 0.90 2 0 96
867 78 9 844 8/3 1002.7354627826353 0.34 5 1 81
868 78 10 867 6/1 6016.4127766958118 0.07 7 0 22
870 79 1 693 6/1 3080.4033416682555 0.96 5 1 14
873 79 4 817 2/1 4620.605012502383 0.53 7 0 55
883 80 3 772 1/5 1232.1613366673023 0.99 3 0 99
886 80 6 830 5/1 2406.5651106783248 0.55 2 1 21
888 80 8 865 8/3 385.05041770853188 0.59 1 1 0
891 81 0 868 3/4 4512.3095825218588 0.26 1 1 34
896 81 5 873 3/4 3465.4537593767873 0.47 7 1 0
898 81 7 886 4/3 3208.7534809044328 0.47 2 1 78
904 82 2 870 2/3 2053.602227778837 0.08 23 0 79
910 82 8 898 5/4 4010.9418511305412 0.27 3 1 61
913 83 0 868 3/4 4512.3095825218588 0.38 23 0 70
919 83 6 896 3/8 1299.5451597662952 0.82 13 1 37
927 84 3 904 2/3 1369.068151852558 0.78 13 1 45
931 84 7 919 8/5 2079.2722556260724 0.47 3 1 40
933 84 9 910 5/16 1253.4193284782941 0.36 17 1 17
936 85 1 913 1/3 1504.1031941739529 0.92 23 1 23
954 86 8 931 1/4 519.81806390651809 0.81 11 0 60
956 86 10 933 3/4 940.06449635872059 0.63 13 0 21
961 87 4 927 1/4 342.2670379631395 0.88 1 0 66
975 88 7 919 2/3 866.36343984419682 0.81 3 0 14
983 89 4 927 6/1 8214.408911115348 0.49 13 0 93
984 89 5 983 2/5 3285.7635644461393 0.86 7 1 36
1019 92 7 919 5/4 1624.431449707869 0.07 3 0 80
1063 96 7 919 1/4 324.88628994157381 0.37 2 1 61
1072 97 5 983 1/6 1369.068151852558 0.66 17 1 21
1073 97 6 1072 16/5 4381.0180859281854 0.35 17 1 28
1081 98 3 904 1/1 2053.602227778837 0.87 17 0 81
1086 98 8 1063 5/16 101.52696560674181 0.23 2 1 89
1096 99 7 1073 1/2 2190.5090429640927 0.61 2 0 67
1110 100 10 933 3/4 940.06449635872059 0.30 11 1 28
1119 101 8 1096 1/3 730.1696809880309 0.12 2 1 73
1129 102 7 1073 2/3 2920.6787239521236 0.44 13 1 73
1131 102 9 1119 5/1 3650.8484049401545 0.77 11 1 94
1137 103 4 1081 2/1 4107.204455557674 0.19 5 1 22
1152 104 8 1129 4/5 2336.5429791616989 0.11 17 1 39
1168 106 2 936 16/5 4813.1302213566496 0.45 5 1 58
1177 107 0 1110 4/3 1253.4193284782941 0.96 29 1 25
1200 109 1 1177 2/5 501.36773139131765 0.18 23 0 18
1203 109 4 1081 8/5 3285.7635644461393 0.24 23 1 65
1234 112 2 1200 4/3 668.49030852175679 0.75 11 1 59
1242 112 10 1131 5/8 2281.7802530875965 0.45 2 1 77
1263 114 9 1152 5/16 730.1696809880309 0.04 1 1 43
1270 115 5 1203 4/3 4381.0180859281854 0.00 13 1 46
1271 115 6 1270 8/3 11682.714895808494 0.38 5 1 13
1275 115 10 1263 1/5 146.03393619760618 0.98 17 1 98
1279 116 3 1234 3/1 2005.4709255652704 0.40 2 1 92
1283 116 7 1271 3/8 4381.0180859281854 0.40 2 1 26
1285 116 9 1152 4/5 1869.2343833293592 0.38 23 1 8
1312 119 3 1234 3/4 501.36773139131759 0.17 17 1 44
1316 119 7 1271 1/6 1947.1191493014157 0.21 7 1 41
1337 121 6 1270 4/5 3504.8144687425483 0.73 2 0 61
1350 122 8 1316 6/1 11682.714895808494 0.03 3 1 89
1366 124 2 1200 1/3 167.1225771304392 0.32 7 1 76
1370 124 6 1270 3/4 3285.7635644461388 0.00 23 1 42
1394 126 8 1316 3/8 730.1696809880309 0.24 3 1 6
1404 127 7 1370 1/6 547.62726074102306 0.52 29 0 34
1424 129 5 1203 1/5 657.15271288922793 0.42 7 1 64
1438 130 8 1404 2/1 1095.2545214820461 0.01 29 1 44
1454 132 2 1200 3/8 188.01289927174412 0.65 31 1 95
1464 133 1 1177 3/4 940.06449635872059 0.16 31 1 13
1467 133 4 1312 5/8 313.35483211957347 0.79 1 1 57
1473 133 10 1285 5/4 2336.5429791616989 0.98 29 1 63
1489 135 4 1312 1/2 250.6838656956588 0.87 17 1 81
1507 137 0 1473 5/2 5841.3574479042472 0.71 31 1 44
1510 137 3 1454 2/3 125.34193284782941 0.40 5 1 61
1512 137 5 1489 16/5 802.18837022610819 0.27 13 1 81
1549 140 9 1438 1/5 219.05090429640924 0.38 29 1 5
1576 143 3 1454 5/8 117.50806204484007 0.35 5 1 99
1634 148 6 1512 3/4 601.64127766958109 0.24 3 1 28
1642 149 3 1454 3/1 564.03869781523235 0.56 17 1 71
1666 151 5 1489 5/8 156.67741605978674 0.78 3 1 44
1678 152 6 1666 3/4 117.50806204484005 0.43 23 1 83
1687 153 4 1642 2/1 1128.0773956304647 0.40 31 1 5
1710 155 5 1687 5/2 2820.1934890761618 0.60 29 1 97
1734 157 7 1678 3/1 352.52418613452016 0.61 29 1 72
1768 160 8 1734 3/1 1057.5725584035604 0.89 5 1 28
1803 163 10 1549 3/1 657.1527128892277 0.23 5 1 10
1806 164 2 1464 4/1 3760.2579854348824 0.66 23 1 38
1816 165 1 1507 1/5 1168.2714895808494 0.12 1 1 76
1834 166 8 1734 8/3 940.06449635872036 0.69 11 1 6
1838 167 1 1507 4/5 4673.0859583233978 0.40 29 1 60
1840 167 3 1806 16/5 12032.825553391624 0.81 17 1 97
1859 169 0 1803 2/5 262.86108515569111 0.72 31 1 54
1869 169 10 1549 5/16 68.453407592627883 0.01 31 1 98
1879 170 9 1834 1/3 313.35483211957342 0.32 2 1 9
1912 173 9 1834 8/5 1504.1031941739527 0.70 2 1 71
1942 176 6 1710 2/3 1880.1289927174412 0.39 29 1 96
1945 176 9 1834 4/1 3760.2579854348814 0.73 7 1 1
1966 178 8 1734 5/1 1762.6209306726009 0.92 31 1 8
2033 184 9 1966 4/5 1410.0967445380809 0.58 29 1 10
2038 185 3 1806 16/5 12032.825553391624 0.47 1 1 49
2039 185 4 2038 5/8 7520.5159708697647 0.89 2 1 36
2040 185 5 2039 4/3 10027.354627826353 0.93 29 1 94
2060 187 3 1806 5/2 9400.644963587205 0.22 11 1 78
2064 187 7 1942 1/1 1880.1289927174412 0.65 31 1 95
2070 188 2 1838 1/5 934.61719166467958 0.51 1 1 75
2072 188 4 2060 1/3 3133.5483211957348 0.87 13 1 63
2092 190 2 1838 4/3 6230.7812777645304 0.90 31 1 95
2168 197 1 1859 2/5 105.14443406227645 0.76 29 1 26
2192 199 3 2092 2/5 2492.3125111058125 0.86 11 1 91
2211 201 0 1869 5/1 342.26703796313939 0.21 31 1 88
2221 201 10 2033 1/2 705.04837226904044 0.86 13 1 82
2226 202 4 2192 1/6 415.3854185176354 0.45 29 1 95
2272 206 6 2040 5/8 6267.0966423914706 0.47 17 1 98
2318 210 8 2064 2/1 3760.2579854348824 0.26 2 1 90
2324 211 3 2092 1/1 6230.7812777645304 0.85 3 1 62
2351 213 8 2064 2/3 1253.4193284782941 0.82 7 1 48
2363 214 9 2351 4/3 1671.2257713043921 0.98 5 1 56
2368 215 3 2092 3/2 9346.1719166467956 0.51 5 1 11
2370 215 5 2226 3/8 155.76953194411328 0.73 23 1 36
2375 215 10 2363 8/3 4456.6020568117119 0.15 2 1 51
2408 218 10 2363 1/4 417.80644282609802 0.40 7 1 33
2416 219 7 2272 5/2 15667.741605978677 0.85 11 1 90
2429 220 9 2351 5/2 3133.5483211957353 0.05 31 1 33
2434 221 3 2092 1/3 2076.9270925881765 0.77 2 1 82
2439 221 8 2416 2/5 6267.0966423914715 0.91 1 1 56
2444 222 2 2168 8/3 280.38515749940382 0.85 2 1 92
2461 223 8 2416 1/5 3133.5483211957358 0.71 29 1 66
2467 224 3 2444 2/5 112.15406299976154 0.08 5 1 19
2470 224 6 2370 1/2 77.884765972056641 0.96 1 1 83
2477 225 2 2168 3/2 157.71665109341467 0.64 29 1 44
2492 226 6 2370 5/2 389.42382986028321 0.11 7 1 2
2496 226 10 2429 3/1 9400.644963587205 0.62 29 1 27
2498 227 1 2211 1/4 85.566759490784847 0.46 7 1 33
2533 230 3 2477 8/5 252.34664174946349 0.19 7 1 23
2548 231 7 2492 2/3 259.61588657352212 0.68 5 1 57
2556 232 4 2533 2/1 504.69328349892697 0.28 1 1 39
2563 233 0 2496 1/5 1880.1289927174412 0.63 13 1 28
2578 234 4 2533 5/1 1261.7332087473173 0.26 13 1 58
2580 234 6 2370 3/2 233.65429791616992 0.35 1 1 91
2586 235 1 2563 4/5 1504.1031941739529 0.55 31 1 99
2602 236 6 2370 3/4 116.82714895808496 0.38 1 1 34
2614 237 7 2602 4/3 155.76953194411328 0.15 23 1 61
2621 238 3 2477 5/1 788.58325546707329 1.00 23 1 48
2624 238 6 2370 2/1 311.53906388822656 0.18 29 1 76
2634 239 5 2578 5/8 788.58325546707329 0.51 1 1 50
2656 241 5 2578 1/2 630.86660437365867 0.71 17 1 90
2717 247 0 2496 1/5 1880.1289927174412 0.38 31 1 87
2732 248 4 2621 1/2 394.29162773353664 0.00 23 1 45
2781 252 9 2461 2/1 6267.0966423914715 0.83 17 1 81
2791 253 8 2614 6/1 934.61719166467969 0.37 5 1 81
2807 255 2 2586 5/8 940.06449635872059 0.54 2 1 26
2826 256 10 2781 2/1 12534.193284782943 0.01 23 1 12
2840 258 2 2586 5/16 470.03224817936029 0.49 11 1 9
2854 259 5 2732 2/5 157.71665109341467 0.81 29 1 47
2857 259 8 2614 2/5 62.307812777645317 0.84 5 1 92
2878 261 7 2624 1/3 103.84635462940885 0.07 29 1 84
2885 262 3 2840 5/4 587.54031022420031 0.13 13 1 57
2923 265 8 2878 5/2 259.61588657352212 0.64 11 1 69
2938 267 1 2717 5/8 1175.0806204484006 0.26 1 1 77
2954 268 6 2854 5/1 788.58325546707329 0.60 29 1 96
2960 269 1 2717 8/5 3008.2063883479059 0.79 11 1 52
2972 270 2 2960 1/4 752.05159708697647 0.72 2 1 4
2979 270 9 2923 5/2 649.03971643380532 0.42 1 1 32
2996 272 4 2885 8/3 1566.7741605978674 0.38 29 1 98
3001 272 9 2923 1/4 64.90397164338053 0.15 31 1 94
3005 273 2 2960 3/2 4512.3095825218588 0.09 5 1 19
3039 276 3 3005 3/1 13536.928747565576 0.03 11 1 38
3055 277 8 2878 8/3 276.92361234509025 0.29 5 1 97
3069 279 0 2826 1/2 6267.0966423914715 0.07 3 1 85
3071 279 2 2960 1/2 1504.1031941739529 0.42 2 1 6
3090 280 10 3001 4/5 51.923177314704425 0.80 3 1 58
3092 281 1 3069 5/16 1958.4677007473349 0.59 23 1 40
3104 282 2 3092 5/4 2448.0846259341688 0.64 17 1 35
3113 283 0 3090 5/4 64.90397164338053 0.18 13 1 71
3121 283 8 2878 3/4 77.884765972056641 0.29 1 1 90
3134 284 10 3001 5/2 162.25992910845133 0.72 1 1 32
3143 285 8 2878 5/1 519.23177314704424 0.65 7 1 13
3156 286 10 3001 16/5 207.6927092588177 0.97 23 1 73
3171 288 3 3104 16/5 7833.8708029893405 0.86 3 1 21
3184 289 5 2996 2/3 1044.5161070652448 0.84 31 1 33
3208 291 7 2954 5/16 246.4322673334604 0.25 29 1 41
3215 292 3 3104 5/2 6120.211564835422 0.76 13 1 49
3231 293 8 3208 3/8 92.412100250047644 0.59 11 1 38
3267 297 0 3156 4/5 166.15416740705416 0.10 29 1 25
3284 298 6 3184 1/5 208.90322141304898 0.10 3 1 63
3302 300 2 3092 1/4 489.61692518683373 0.75 11 1 24
3326 302 4 3215 1/4 1530.0528912088555 0.13 11 1 70
3328 302 6 3184 4/3 1392.6881427536596 0.73 13 1 48
3353 304 9 3231 1/1 92.412100250047644 0.79 31 1 94
3356 305 1 3267 5/2 415.3854185176354 0.54 7 1 61
3363 305 8 3208 5/16 77.010083541706379 0.92 3 1 58
3369 306 3 3302 8/3 1305.6451338315564 0.41 17 1 27
3407 309 8 3208 2/1 492.8645346669208 0.05 17 1 18
3420 310 10 3353 3/4 69.30907518753574 0.36 23 1 52
3434 312 2 3356 1/1 415.3854185176354 0.13 17 1 23
3444 313 1 3267 4/1 664.61666962821664 0.88 2 1 35
3458 314 4 3369 1/5 261.12902676631131 0.00 5 1 3
3477 316 1 3267 16/5 531.69333570257334 0.50 2 1 83
3482 316 6 3184 3/1 3133.5483211957344 0.88 23 1 57
3510 319 1 3267 6/1 996.92500444232496 1.00 1 1 76
3524 320 4 3369 5/8 816.02820864472278 0.77 11 1 36
3532 321 1 3267 2/1 332.30833481410832 0.76 17 1 54
3536 321 5 3524 6/1 4896.1692518683367 0.64 5 1 6
3538 321 7 3482 5/1 15667.741605978672 0.67 11 1 46
3567 324 3 3434 4/3 553.8472246901805 0.41 31 1 45
3597 327 0 3420 4/1 277.23630075014296 0.25 23 1 26
3602 327 5 3524 1/5 163.20564172894456 0.98 11 1 65
3605 327 8 3538 1/4 3916.935401494668 0.62 13 1 43
3632 330 2 3532 5/8 207.6927092588177 0.48 2 1 85
3656 332 4 3567 5/4 692.30903086272565 0.92 5 1 77
3665 333 2 3532 4/1 1329.2333392564333 0.19 23 1 45
3670 333 7 3482 1/5 626.70966423914695 0.51 23 1 21
3684 334 10 3353 5/1 462.06050125023819 0.70 13 1 88
3705 336 9 3605 1/3 1305.645133831556 0.91 7 1 76
3722 338 4 3567 3/2 830.77083703527069 0.81 5 1 84
3730 339 1 3597 5/2 693.09075187535745 0.02 2 1 61
3734 339 5 3722 4/3 1107.6944493803608 0.74 13 1 56
3746 340 6 3734 1/2 553.84722469018038 0.40 29 1 73
3759 341 8 3670 1/4 156.67741605978674 0.29 23 1 36
3763 342 1 3597 8/5 443.57808120022878 0.85 17 1 78
3788 344 4 3567 1/5 110.7694449380361 0.85 11 1 15
3793 344 9 3759 1/2 78.338708029893368 0.24 11 1 15
3838 348 10 3793 1/1 78.338708029893368 0.31 2 1 94
3861 351 0 3838 4/3 104.45161070652449 0.88 23 1 81
3871 351 10 3793 4/5 62.670966423914699 0.59 7 1 21
3888 353 5 3788 5/8 69.230903086272562 0.11 31 0 42
3919 356 3 3665 8/3 3544.6222380171553 0.48 29 1 57
3920 356 4 3919 16/5 11342.791161654897 0.58 3 1 1
3925 356 9 3759 5/1 783.38708029893371 0.30 5 0 88
3929 357 2 3763 3/2 665.36712180034317 0.39 11 1 6
3934 357 7 3746 5/8 346.15451543136271 0.70 13 0 47
3959 359 10 3925 5/1 3916.9354014946684 0.89 23 1 9
3961 360 1 3861 4/3 139.26881427536597 0.20 17 1 11
3964 360 4 3919 3/1 10633.866714051466 0.56 1 1 46
3986 362 4 3919 1/5 708.92444760343108 0.07 13 1 67
3991 362 9 3759 1/2 78.338708029893368 0.71 29 1 83
4023 365 8 3934 6/1 2076.9270925881765 0.33 11 1 81
4061 369 2 3961 3/8 52.225805353262238 0.59 29 1 55
4076 370 6 3888 3/4 51.923177314704418 0.53 7 1 68
4088 371 7 4076 5/1 259.61588657352206 0.03 29 1 35
4125 375 0 3959 1/4 979.23385037366711 0.22 29 0 19
4140 376 4 3919 2/3 2363.0814920114367 0.02 17 1 70
4155 377 8 4088 5/8 162.25992910845127 0.69 2 0 73
4159 378 1 4125 3/1 2937.7015511210011 0.32 23 0 74
4164 378 6 3888 4/3 92.307870781696749 0.30 3 0 61
4188 380 8 4088 6/1 1557.6953194411324 0.42 1 1 84
4208 382 6 3888 16/5 221.5388898760722 0.60 13 1 31
4210 382 8 4088 16/5 830.77083703527069 0.82 1 1 24
4223 383 10 3991 2/1 156.67741605978674 0.48 17 0 12
4232 384 8 4088 3/2 389.42382986028309 0.23 13 1 75
4240 385 5 4140 5/1 11815.407460057184 0.43 17 0 95
4249 386 3 4061 5/1 261.1290267663112 0.04 2 1 34
4282 389 3 4061 16/5 167.12257713043917 0.06 2 0 31
4315 392 3 4061 3/2 78.338708029893354 0.46 2 1 89
4321 392 9 4232 1/1 389.42382986028309 0.95 11 0 0
4338 394 4 4315 8/5 125.34193284782937 0.37 2 0 25
4348 395 3 4061 1/1 52.225805353262238 0.90 13 0 54
4362 396 6 4240 1/4 2953.851865014296 1.00 5 0 63
4371 397 4 4348 5/2 130.5645133831556 0.31 2 0 4
4386 398 8 4088 2/1 519.23177314704412 0.51 2 0 61
4391 399 2 4159 1/5 587.5403102242002 0.88 2 0 80
4404 400 4 4348 3/2 78.338708029893354 0.93 1 0 82
4418 401 7 4362 1/4 738.462966253574 0.89 1 1 82
4419 401 8 4418 8/5 1181.5407460057183 0.20 3 1 6
4421 401 10 4321 1/6 64.903971643380515 0.30 2 0 23
4423 402 1 4125 3/4 734.42538778025028 0.92 5 0 55
4424 402 2 4423 3/2 1101.6380816703754 0.01 3 0 10
4426 402 4 4348 3/1 156.67741605978671 0.50 2 0 11
4428 402 6 4240 3/8 4430.777797521444 0.36 3 0 55
4438 403 5 4426 5/4 195.8467700747334 0.83 2 1 8
4440 403 7 4428 1/1 4430.777797521444 0.94 2 0 12
4453 404 9 4419 3/4 886.1555595042887 0.28 2 0 2
4454 404 10 4453 2/1 1772.3111190085774 0.09 1 1 97
4455 405 0 4454 8/5 2835.6977904137239 0.84 5 0 61
4459 405 4 4348 1/1 52.225805353262238 0.16 3 0 0
4463 405 8 4440 3/8 1661.5416740705414 0.23 3 1 63
4468 406 2 4423 5/8 459.01586736265642 0.18 1 1 83
4471 406 5 4459 4/1 208.90322141304895 0.43 2 0 70
4472 406 6 4471 1/2 104.45161070652448 0.55 2 0 56
4473 406 7 4472 1/1 104.45161070652448 0.15 1 0 97
4476 406 10 4453 5/1 4430.7777975214431 0.89 1 0 72
4486 407 9 4463 3/1 4984.6250222116241 0.74 1 0 72
4489 408 1 4455 1/1 2835.6977904137239 0.40 3 1 37
4490 408 2 4489 2/3 1890.4651936091491 0.46 7 0 38
4495 408 7 4472 4/1 417.80644282609791 0.64 3 0 19
4498 408 10 4486 5/8 3115.3906388822652 0.42 2 0 65
4502 409 3 4490 5/8 1181.5407460057181 0.68 5 1 61
4503 409 4 4502 4/5 945.23259680457454 0.63 1 0 74
4504 409 5 4503 1/5 189.04651936091491 0.83 1 0 79
4505 409 6 4504 2/3 126.0310129072766 0.55 5 0 17
4507 409 8 4495 1/2 208.90322141304895 0.19 7 0 56
4508 409 9 4507 5/16 65.2822566915778 0.94 5 1 62
4521 411 0 4498 1/6 519.23177314704412 0.41 2 0 37
4525 411 4 4502 3/1 3544.6222380171544 0.87 5 1 97
4526 411 5 4525 5/2 8861.5555950428861 0.19 3 0 54
4531 411 10 4508 16/5 208.90322141304898 0.73 11 1 91
4533 412 1 4521 1/6 86.538628857840678 0.27 11 1 44
4539 412 7 4505 5/1 630.15506453638307 0.58 1 0 4
4554 414 0 4531 2/3 139.26881427536597 0.78 5 0 8
4561 414 7 4505 5/4 157.53876613409577 0.90 5 0 81
4568 415 3 4490 4/3 2520.6202581455318 0.28 11 0 69
4570 415 5 4525 1/1 3544.6222380171544 0.71 7 0 63
4571 415 6 4570 1/6 590.77037300285906 0.44 7 0 76
4574 415 9 4507 1/3 69.634407137682985 0.90 1 1 2
4578 416 2 4533 8/3 230.76967695424179 0.72 2 0 74
4591 417 4 4568 8/3 6721.6540217214178 0.57 2 0 16
4595 417 8 4561 4/3 210.05168817879434 0.85 2 0 54
4596 417 9 4595 1/3 70.017229392931441 0.35 5 1 13
4611 419 2 4533 3/1 259.61588657352206 0.62 3 0 63
4620 420 0 4531 5/8 130.5645133831556 0.12 5 1 88
4624 420 4 4568 3/2 3780.9303872182977 0.00 11 0 66
4627 420 7 4571 16/5 1890.4651936091491 0.79 3 0 44
4628 420 8 4627 6/1 11342.791161654895 0.23 3 0 66
4655 423 2 4533 1/1 86.538628857840678 0.87 1 0 60
4658 423 5 4624 1/6 630.15506453638295 0.07 3 0 36
4659 423 6 4658 1/3 210.05168817879431 0.54 11 1 51
4662 423 9 4628 1/2 5671.3955808274477 0.90 5 0 81
4663 423 10 4662 8/3 15123.721548873193 0.57 3 1 54
4665 424 1 4620 3/4 97.9233850373667 0.59 2 1 93
4671 424 7 4659 3/2 315.07753226819148 0.88 2 0 43
4672 424 8 4671 1/1 315.07753226819148 0.27 1 0 92
4677 425 2 4665 2/3 65.2822566915778 0.91 1 0 34
4686 426 0 4663 1/5 3024.7443097746386 0.80 3 0 71
4694 426 8 4671 3/2 472.61629840228721 0.26 1 0 42
4698 427 1 4686 1/3 1008.2481032582128 0.79 7 1 87
4699 427 2 4698 5/4 1260.3101290727661 0.72 5 0 55
4700 427 3 4699 5/16 393.84691533523943 0.38 5 0 66
4702 427 5 4624 3/1 11342.791161654894 0.49 7 1 7
4704 427 7 4659 16/5 672.16540217214185 0.78 11 0 64
4707 427 10 4662 8/3 15123.721548873193 0.76 2 0 63
4716 428 8 4704 5/8 420.10337635758867 0.41 3 1 84
4728 429 9 4716 5/8 262.56461022349293 0.96 7 1 27
4730 430 0 4707 4/5 12098.977239098554 0.91 13 1 18
4740 430 10 4728 1/2 131.28230511174647 0.35 11 0 90
4756 432 4 4700 3/4 295.38518650142959 0.40 17 0 72
4760 432 8 4704 5/16 210.05168817879434 0.62 2 0 58
4765 433 2 4698 1/4 252.06202581455321 0.39 1 0 94
4766 433 3 4765 2/3 168.04135054303546 0.54 11 0 78
4786 435 1 4730 1/5 2419.7954478197112 0.52 11 0 89
4787 435 2 4786 5/16 756.18607744365977 0.90 7 0 78
4790 435 5 4756 1/5 59.077037300285923 0.95 3 0 51
4791 435 6 4790 8/3 157.53876613409579 0.70 2 0 95
4793 435 8 4704 5/16 210.05168817879434 0.14 2 0 33
4816 437 9 4793 5/1 1050.2584408939717 0.12 2 0 62
4824 438 6 4790 4/3 78.769383067047897 0.62 3 0 88
4826 438 8 4704 3/2 1008.2481032582127 0.50 1 0 32
4834 439 5 4756 2/1 590.77037300285917 0.81 1 0 68
4836 439 7 4824 4/5 63.015506453638324 0.20 2 0 49
4848 440 8 4836 4/1 252.06202581455329 0.89 1 0 22
4849 440 9 4848 4/1 1008.2481032582132 0.12 3 1 37
4856 441 5 4756 1/5 59.077037300285923 0.80 5 1 73
4868 442 6 4856 8/5 94.523259680457485 0.72 3 0 21
4869 442 7 4868 3/2 141.78488952068622 0.38 1 0 10
4870 442 8 4869 4/1 567.13955808274488 0.07 3 1 82
4872 442 10 4849 2/1 2016.4962065164264 0.56 11 1 16
4875 443 2 4786 3/1 7259.3863434591331 0.82 13 0 22
4884 444 0 4872 3/2 3024.7443097746395 0.98 2 0 76
4891 444 7 4868 3/1 283.56977904137244 0.87 5 0 22
4893 444 9 4870 1/6 94.523259680457471 0.18 7 0 37
4898 445 3 4875 4/5 5807.5090747673066 0.79 3 1 4
4912 446 6 4856 8/5 94.523259680457485 0.58 7 0 46
4914 446 8 4891 5/8 177.23111190085777 0.02 7 0 68
4917 447 0 4872 1/6 336.08270108607104 0.47 2 0 33
4918 447 1 4917 5/2 840.20675271517757 0.05 2 0 54
4922 447 5 4756 3/1 886.1555595042887 0.04 7 0 45
4942 449 3 4875 5/8 4537.1164646619582 0.08 3 0 23
4950 450 0 4872 2/5 806.59848260657054 0.11 1 0 25
4951 450 1 4950 3/8 302.47443097746395 0.31 1 1 85
4954 450 4 4942 5/2 11342.791161654895 0.42 5 0 92
4957 450 7 4912 16/5 302.47443097746395 0.15 5 1 69
4972 452 0 4872 4/1 8065.9848260657054 0.79 7 0 68
4973 452 1 4972 1/6 1344.3308043442842 0.05 7 0 62
4981 452 9 4914 16/5 567.13955808274488 0.16 3 0 43
4986 453 3 4875 1/6 1209.8977239098554 0.33 1 0 60
5000 454 6 4922 1/6 147.69259325071476 0.40 1 0 23
5002 454 8 4957 5/4 378.09303872182994 0.81 3 0 75
5004 454 10 4981 8/5 907.42329293239186 0.71 1 0 34
5008 455 3 4875 1/1 7259.3863434591331 0.13 2 0 2
5010 455 5 4954 1/1 11342.791161654895 0.24 2 0 61
5020 456 4 5008 1/6 1209.8977239098554 0.93 3 0 48
5022 456 6 5010 1/1 11342.791161654895 0.72 1 0 22
5023 456 7 5022 5/8 7089.2444760343096 0.52 2 0 20
5025 456 9 5002 5/1 1890.4651936091498 0.06 1 1 85
5026 456 10 5025 3/4 1417.8488952068624 0.67 2 0 93
5029 457 2 4973 1/1 1344.3308043442842 0.44 2 0 91
5041 458 3 5029 3/2 2016.4962065164264 0.32 3 0 96
5043 458 5 5020 5/4 1512.3721548873191 0.87 1 0 32
5044 458 6 5043 4/3 2016.4962065164254 0.59 1 0 38
5046 458 8 5023 2/5 2835.6977904137239 0.97 3 0 79
5047 458 9 5046 16/5 9074.2329293239163 0.96 3 0 57
5056 459 7 5044 1/1 2016.4962065164254 0.68 2 1 48
5059 459 10 5047 4/5 7259.3863434591331 0.99 1 0 25
5060 460 0 5059 1/1 7259.3863434591331 0.03 3 0 59
5061 460 1 5060 2/3 4839.5908956394214 0.55 1 0 84
5062 460 2 5061 3/2 7259.3863434591321 0.25 2 0 57
5064 460 4 5041 5/16 630.15506453638318 0.36 2 0 79
5065 460 5 5064 1/6 105.0258440893972 0.98 1 0 36
5066 460 6 5065 4/5 84.02067527151776 0.18 2 1 84
5081 461 10 5047 1/1 9074.2329293239163 0.69 5 0 85
5083 462 1 5060 1/5 1451.8772686918267 0.01 5 0 98
5085 462 3 5062 1/3 2419.7954478197107 0.58 5 0 18
5087 462 5 5064 3/8 236.30814920114369 0.75 1 0 89
5089 462 7 5066 5/8 52.512922044698598 0.68 3 0 13
5090 462 8 5089 1/1 52.512922044698598 0.92 3 0 67
5091 462 9 5090 4/3 70.017229392931455 0.82 3 0 29
5095 463 2 5083 3/1 4355.6318060754802 0.30 3 0 75
5097 463 4 5085 3/1 7259.3863434591321 0.92 1 0 91
5099 463 6 5087 3/4 177.23111190085777 0.03 1 0 14
5104 464 0 5081 5/8 5671.3955808274477 0.77 2 1 97
5109 464 5 5097 8/5 11615.018149534611 0.47 2 0 38
5119 465 4 5085 1/3 806.5984826065702 0.76 3 0 62
5121 465 6 5109 5/4 14518.772686918264 0.35 2 0 6
5133 466 7 5121 1/4 3629.6931717295661 0.62 1 0 86
5134 466 8 5133 2/1 7259.3863434591321 0.92 3 0 53
5135 466 9 5134 1/5 1451.8772686918264 0.08 1 0 50
5137 467 0 5081 5/8 5671.3955808274477 0.12 3 0 23
5139 467 2 5083 1/1 1451.8772686918267 0.32 2 1 49
5142 467 5 5119 2/1 1613.1969652131404 0.20 3 0 23
5147 467 10 5135 8/5 2323.0036299069225 0.93 2 1 87
5149 468 1 5137 3/2 8507.0933712411716 0.61 5 0 5
5151 468 3 5139 1/4 362.96931717295666 0.43 5 0 0
5154 468 6 5142 1/2 806.5984826065702 0.33 1 1 0
5155 468 7 5154 5/4 1008.2481032582127 0.97 2 0 61
5157 468 9 5134 1/5 1451.8772686918264 0.73 2 0 29
5163 469 4 5151 1/4 90.742329293239166 0.68 2 0 11
