# Reference tone list for legacy/examples/sndharmonics6_3700p1-300-1298060823.ogg (v6, the program as archived on 18 February 2011).
# Produced by the 2011-02-18 source (legacy/examples/sndharmonics6.source.tar.gz) with v6_trace.patch applied:
#     ./harmonics_trace 1298060823 300 3700     (srand(1298060823), glibc rand(), totalSongTime = 300, binsPerSlot = 3700)
#     python3 trace_to_tones.py events.txt 300
# The traced program's out.wav is byte for byte the out.wav of the unpatched source given the same seed, cycles and binsPerSlot.
# It matches the 2011 recording: same length (12706650 frames), correlation 0.99891 (left) and
# 0.99888 (right) over the full length, with no time shift.
# Covers cycles 0..269 (ticks 0..2969): everything before the end phase. 239 tones; the last one starts at tick 2947.
# The count of counted tones d is 1, 2, .. 10 at ticks 1..10 and 11 ever after, so every tone has a level draw.
# A new composer given the same rules, generator, seed and cycles must reproduce this list exactly.
#
# tick     slot boundary index; cycle = tick / 11, slot = tick % 11
# parent   tick at which the tone it derives from was created (the tone then occupying the previous slot)
# ratio    exact frequency ratio to the parent tone
# freq_hz  resulting frequency (a double-precision number, 17 significant digits)
# pan      0 = left .. 1 = right
# reps     repetition count N: struck N+1 times, once per cycle, at gain N/N, (N-1)/N, .. 0/N
# level    the tone's own volume, above 0 and at most 1 (the first tone: 0.7), written with the fewest digits
#          that read back as the same number. Every tone is a counted tone (level > 0): none is tracked.
# jitter   raw 0..99 draw; the 2011 sound uses it for the vibrato period, 18000 * (1 + 0.001 * jitter)
#          samples at 44.1 kHz ('-' = no draw, 18000)
#
# tick cycle slot parent ratio freq_hz pan reps level jitter
0 0 0 - - 6958.687052899385 0.86 13 0.7 -
1 0 1 0 3/8 2609.5076448372693 0.06 2 0.5769230769230769 88
2 0 2 1 8/5 4175.2122317396306 0.40 1 0.35714285714285715 55
3 0 3 2 1/1 4175.2122317396306 0.50 3 0.3125 81
4 0 4 3 1/5 835.04244634792622 0.03 3 0.11029411764705882 67
5 0 5 4 3/2 1252.5636695218893 0.49 3 1 84
6 0 6 5 1/2 626.28183476094466 0.92 17 0.22727272727272727 33
7 0 7 6 4/3 835.04244634792622 0.46 5 0.3125 2
8 0 8 7 8/5 1336.067914156682 0.17 17 0.09375 19
9 0 9 8 5/4 1670.0848926958524 0.21 17 0.12295081967213115 92
10 0 10 9 4/5 1336.067914156682 0.85 3 0.15306122448979592 99
24 2 2 1 3/2 3914.2614672559039 0.93 31 0.12034637306716602 86
34 3 1 0 2/3 4639.124701932923 0.59 1 0.09040066511416288 81
47 4 3 24 2/1 7828.5229345118078 0.62 17 0.10577172278426225 53
48 4 4 47 8/5 12525.636695218893 0.07 5 0.3727194040969241 2
49 4 5 48 2/5 5010.2546780875573 0.76 5 0.12229855446930323 81
54 4 10 9 8/3 4453.5597138556059 0.91 31 0.11024095050754093 11
56 5 1 0 1/4 1739.6717632248462 0.31 17 0.1634876799106744 68
73 6 7 6 4/5 501.02546780875576 0.71 11 0.14705933495124257 41
114 10 4 47 3/2 11742.784401767713 0.02 3 0.26490624614677 51
115 10 5 114 1/1 11742.784401767713 0.74 31 1 49
154 14 0 54 2/1 8907.1194277112118 0.74 5 0.4249769159634106 47
158 14 4 47 3/2 11742.784401767713 0.70 11 0.14710739398733444 17
204 18 6 115 1/3 3914.2614672559039 0.50 13 0.3507918903995889 48
205 18 7 204 1/6 652.37691120931731 0.22 7 0.19221473446552817 59
206 18 8 205 1/1 652.37691120931731 0.11 13 0.18462731073662572 53
207 18 9 206 1/3 217.45897040310575 0.37 31 1 19
220 20 0 54 5/16 1391.7374105798767 0.17 3 1 50
245 22 3 24 1/4 978.56536681397597 0.93 2 0.25651066477537343 50
254 23 1 220 5/8 869.83588161242301 0.98 7 0.2580722092712344 49
264 24 0 54 1/2 2226.7798569278029 0.71 11 1 26
278 25 3 24 2/5 1565.7045869023616 0.92 17 0.2012898373967884 65
290 26 4 278 1/5 313.14091738047233 0.90 23 0.2550058156299711 84
293 26 7 204 1/5 782.8522934511808 0.37 1 0.5651480238285845 7
315 28 7 204 3/2 5871.3922008838563 0.14 13 0.850973668396842 6
342 31 1 264 8/3 5938.0796184741412 0.75 2 1 32
358 32 6 115 4/3 15657.045869023616 0.75 2 1 63
360 32 8 315 5/2 14678.480502209641 0.74 5 0.7855070900690753 26
375 34 1 264 8/3 5938.0796184741412 0.61 11 0.3325948955604643 36
376 34 2 375 4/5 4750.4636947793133 0.82 23 0.6651897911209286 95
391 35 6 115 5/16 3669.6201255524102 0.02 3 0.4521346413926238 30
396 36 0 54 1/1 4453.5597138556059 0.09 1 0.6247890031000509 29
406 36 10 207 5/16 67.955928250970544 0.62 29 1 75
418 38 0 406 3/4 50.966946188227908 0.74 7 0.5246811193900689 29
426 38 8 315 4/3 7828.5229345118078 0.47 1 0.6060971551574934 61
435 39 6 115 1/6 1957.1307336279519 0.35 2 0.38447421318713265 20
448 40 8 315 5/16 1834.8100627762051 0.79 2 0.42135052433982634 94
467 42 5 290 1/2 156.57045869023617 0.58 3 0.6913004306652556 1
468 42 6 467 4/5 125.25636695218894 0.19 11 0.4973990903567083 88
469 42 7 468 8/5 200.41018712350231 0.34 23 0.9063716757611129 72
476 43 3 376 1/3 1583.4878982597711 0.07 7 1 70
481 43 8 469 4/1 801.64074849400924 0.98 7 0.9185618171520716 72
506 46 0 406 3/2 101.93389237645582 0.43 3 1 62
507 46 1 506 8/3 271.82371300388218 0.13 23 1 39
511 46 5 290 1/2 156.57045869023617 0.61 23 0.5439962225153153 69
550 50 0 406 2/1 135.91185650194109 0.09 2 1 5
554 50 4 476 1/6 263.91464970996185 0.12 5 1 10
559 50 9 481 3/4 601.23056137050696 0.09 1 0.7694517911549718 61
564 51 3 376 1/4 1187.6159236948283 0.45 29 0.8969111806774517 70
569 51 8 469 8/5 320.65629939760373 0.90 31 0.6672144148942019 93
581 52 9 569 1/6 53.442716566267286 0.82 7 0.8409873202209633 5
583 53 0 406 5/4 84.94491031371318 0.41 29 1 66
600 54 6 511 8/5 250.51273390437788 0.34 5 0.7275267387908709 87
620 56 4 564 5/4 1484.5199046185353 0.47 5 1 82
640 58 2 507 5/16 84.94491031371318 0.78 1 1 32
662 60 2 507 4/5 217.45897040310575 0.21 23 0.8624683818810248 13
666 60 6 511 5/4 195.7130733627952 0.64 7 1 4
669 60 9 569 5/8 200.41018712350234 0.04 17 1 41
686 62 4 564 1/5 237.52318473896568 0.11 3 0.9165748871551604 25
730 66 4 564 1/2 593.80796184741416 0.24 23 1 28
733 66 7 666 8/3 521.90152896745383 0.01 3 1 91
736 66 10 669 4/5 160.32814969880189 0.93 31 1 76
754 68 6 511 8/5 250.51273390437788 1.00 7 1 29
771 70 1 583 3/2 127.41736547056976 0.36 5 1 46
775 70 5 730 4/5 475.04636947793136 0.46 7 1 31
777 70 7 754 1/1 250.51273390437788 0.25 7 0.9490672385310809 45
837 76 1 583 5/1 424.72455156856591 0.96 11 1 34
842 76 6 775 4/3 633.39515930390849 0.81 5 1 29
863 78 5 730 5/1 2969.0398092370706 0.12 7 1 22
865 78 7 842 4/5 506.71612744312682 0.57 2 1 20
867 78 9 569 8/3 855.08346506027658 0.20 1 1 35
889 80 9 569 3/8 120.24611227410139 0.16 3 1 33
894 81 3 662 8/5 347.93435264496924 0.79 1 1 34
898 81 7 842 3/1 1900.1854779117255 0.26 23 1 25
908 82 6 863 2/3 1979.3598728247136 0.37 3 1 52
913 83 0 736 16/5 513.05007903616604 0.53 31 1 11
916 83 3 662 8/3 579.89058774161526 0.52 1 1 92
921 83 8 898 1/6 316.69757965195424 0.09 1 1 2
926 84 2 837 2/5 169.88982062742639 0.32 13 1 48
933 84 9 921 1/4 79.174394912988561 0.68 3 1 96
938 85 3 926 1/3 56.629940209142127 0.61 1 1 79
943 85 8 898 1/3 633.39515930390849 0.61 5 1 97
951 86 5 730 5/4 742.25995230926765 0.47 5 1 97
952 86 6 951 5/16 231.95623509664614 0.27 11 1 25
960 87 3 926 2/3 113.25988041828425 0.21 11 1 16
969 88 1 913 1/1 513.05007903616604 0.23 31 1 34
977 88 9 943 1/2 316.69757965195424 0.05 29 1 74
994 90 4 960 8/3 302.02634778209131 0.73 5 1 10
1009 91 8 898 5/8 1187.6159236948283 0.32 13 1 94
1017 92 5 994 4/3 402.70179704278837 0.82 7 1 52
1060 96 4 960 3/2 169.88982062742639 0.16 5 1 3
1080 98 2 969 8/3 1368.1335440964426 0.19 29 1 20
1084 98 6 1017 1/2 201.35089852139419 0.40 29 1 12
1088 98 10 977 16/5 1013.4322548862536 0.72 31 1 78
1092 99 3 1080 6/1 8208.8012645786548 0.12 17 1 9
1105 100 5 1060 5/16 53.090568946070746 0.14 2 1 93
1126 102 4 1092 2/3 5472.5341763857696 0.23 5 1 63
1138 103 5 1126 4/3 7296.7122351810258 0.67 11 1 0
1162 105 7 1084 5/8 125.84431157587136 0.96 1 1 0
1163 105 8 1162 1/2 62.922155787935679 0.05 7 1 87
1184 107 7 1084 1/2 100.67544926069709 0.60 17 1 74
1192 108 4 1092 1/4 2052.2003161446637 0.94 23 1 13
1251 113 8 1184 3/1 302.02634778209131 0.05 1 1 33
1265 115 0 1088 1/4 253.35806372156341 0.24 23 1 4
1270 115 5 1192 4/1 8208.8012645786548 0.49 1 1 24
1273 115 8 1184 4/3 134.23393234759612 0.66 5 1 74
1290 117 3 1080 8/3 3648.3561175905133 0.70 5 1 74
1292 117 5 1192 4/1 8208.8012645786548 0.37 5 1 14
1307 118 9 1273 3/8 50.337724630348546 0.63 7 1 44
1321 120 1 1265 2/1 506.71612744312682 0.28 17 1 18
1339 121 8 1184 5/8 62.922155787935679 0.85 3 1 22
1356 123 3 1080 8/5 2189.0136705543082 0.99 1 1 61
1358 123 5 1192 6/1 12313.201896867982 0.56 3 1 35
1378 125 3 1080 2/3 912.08902939762834 0.29 7 1 95
1382 125 7 1084 4/5 161.08071881711535 0.67 3 1 22
1383 125 8 1382 5/1 805.40359408557674 0.85 11 1 22
1395 126 9 1383 6/1 4832.4215645134609 0.52 7 1 26
1402 127 5 1192 1/6 342.0333860241106 0.11 17 1 91
1410 128 2 1321 5/2 1266.790318607817 0.77 2 1 12
1414 128 6 1402 5/1 1710.1669301205529 0.24 2 1 78
1426 129 7 1414 16/5 5472.5341763857696 0.61 5 1 86
1440 130 10 1395 8/3 12886.457505369228 0.29 2 1 66
1443 131 2 1321 5/4 633.39515930390849 0.23 7 1 28
1447 131 6 1402 5/8 213.77086626506912 0.11 31 1 88
1456 132 4 1378 3/8 342.03338602411065 0.66 29 1 47
1466 133 3 1443 4/1 2533.5806372156339 0.75 1 1 40
1473 133 10 1395 2/3 3221.614376342307 0.53 3 1 27
1483 134 9 1383 1/1 805.40359408557674 0.74 1 1 66
1488 135 3 1443 3/2 950.09273895586273 0.32 1 1 93
1492 135 7 1447 2/3 142.51391084337939 0.49 7 1 55
1505 136 9 1383 8/3 2147.742917561538 0.13 31 1 11
1510 137 3 1443 5/2 1583.4878982597711 0.28 5 1 78
1515 137 8 1492 6/1 855.08346506027635 0.89 31 1 0
1517 137 10 1505 8/5 3436.388668098461 0.25 11 1 93
1519 138 1 1265 5/8 158.34878982597712 0.60 23 1 59
1529 139 0 1517 2/1 6872.7773361969221 0.50 7 1 67
1531 139 2 1519 5/4 197.93598728247139 0.04 29 1 87
1576 143 3 1531 4/3 263.91464970996185 0.66 1 1 56
1580 143 7 1447 5/4 267.2135828313364 0.55 13 1 57
1598 145 3 1531 2/3 131.95732485498093 0.71 5 1 16
1600 145 5 1456 5/2 855.08346506027669 0.34 5 1 19
1617 147 0 1517 5/4 4295.485835123076 0.91 31 1 28
1649 149 10 1505 1/5 429.54858351230763 0.11 1 1 62
1664 151 3 1531 3/1 593.80796184741416 1.00 29 1 61
1666 151 5 1456 3/1 1026.1001580723319 0.83 11 1 61
1671 151 10 1505 2/3 1431.8286117076918 0.46 31 1 74
1734 157 7 1447 5/1 1068.8543313253456 0.15 11 1 2
1783 162 1 1617 16/5 13745.554672393844 0.52 5 1 72
1786 162 4 1664 2/3 395.87197456494278 0.72 7 1 6
1798 163 5 1786 1/1 395.87197456494278 0.67 11 1 55
1799 163 6 1798 1/3 131.95732485498093 0.59 23 1 51
1849 168 1 1617 3/8 1610.8071881711535 0.66 5 1 44
1857 168 9 1515 16/5 2736.2670881928843 0.92 7 1 21
1861 169 2 1849 5/4 2013.5089852139417 0.77 1 1 11
1866 169 7 1799 2/5 52.782929941992371 0.39 11 1 97
1867 169 8 1866 4/3 70.377239922656486 0.53 23 1 12
1874 170 4 1664 5/4 742.25995230926765 0.15 31 1 93
1883 171 2 1849 3/1 4832.4215645134609 0.59 1 1 15
1905 173 2 1849 2/1 3221.614376342307 0.81 11 1 62
1915 174 1 1617 1/3 1431.8286117076918 0.48 11 1 18
1930 175 5 1874 3/8 278.34748211597537 0.10 31 1 9
1945 176 9 1867 8/5 112.60358387625038 0.83 1 1 30
1967 178 9 1867 3/2 105.56585988398473 0.30 2 1 94
1969 179 0 1671 1/4 357.95715292692296 0.13 13 1 39
1994 181 3 1905 8/5 5154.5830021476913 0.89 3 1 15
1998 181 7 1799 1/2 65.978662427490463 0.25 3 1 13
2000 181 9 1867 4/3 93.83631989687531 0.74 31 1 61
2023 183 10 2000 6/1 563.01791938125189 0.32 13 1 73
2037 185 2 1915 5/8 894.89288231730734 0.94 29 1 11
2038 185 3 2037 1/4 223.72322057932683 0.17 3 1 7
2042 185 7 1799 1/2 65.978662427490463 0.96 7 1 79
2047 186 1 1969 1/2 178.97857646346148 0.89 1 1 61
2063 187 6 1930 5/16 86.983588161242295 0.18 1 1 97
2069 188 1 1969 4/5 286.3657223415384 0.64 17 1 91
2082 189 3 2037 2/1 1789.7857646346147 0.97 5 1 24
2085 189 6 1930 3/4 208.76061158698153 0.93 23 1 10
2123 193 0 2023 1/6 93.83631989687531 0.48 11 1 82
2130 193 7 2085 1/2 104.38030579349076 0.77 3 1 20
2131 193 8 2130 4/5 83.504244634792613 0.43 29 1 26
2148 195 3 2037 3/2 1342.339323475961 0.91 23 0.961998358340442 74
2174 197 7 2085 3/2 313.14091738047227 0.98 13 1 61
2177 197 10 2000 3/1 281.50895969062594 0.24 29 1 84
2226 202 4 2148 5/16 419.48103858623779 0.80 13 1 91
2255 205 0 2177 5/4 351.88619961328243 0.83 1 0.7837965290276594 75
2267 206 1 2255 5/8 219.9288747583015 0.94 31 1 96
2277 207 0 2177 2/3 187.67263979375062 0.63 23 0.8147332330268101 78
2282 207 5 2226 4/5 335.58483086899025 0.53 31 1 12
2328 211 7 2085 3/4 156.57045869023614 0.43 1 1 63
2349 213 6 2282 2/5 134.2339323475961 0.59 13 1 50
2350 213 7 2349 2/3 89.489288231730725 0.47 11 1 32
2352 213 9 2131 8/5 133.6067914156682 0.97 11 1 32
2367 215 2 2267 1/1 219.9288747583015 0.33 31 1 84
2380 216 4 2148 4/3 1789.7857646346147 0.82 5 1 18
2412 219 3 2367 4/5 175.94309980664121 0.40 2 1 45
2445 222 3 2367 5/16 68.727773361969213 0.48 29 1 5
2446 222 4 2445 6/1 412.36664017181528 0.28 7 1 96
2461 223 8 2350 5/2 223.72322057932681 0.95 31 0.820766230461704 17
2482 225 7 2349 5/1 671.1696617379805 0.94 11 1 49
2484 225 9 2461 6/1 1342.3393234759608 0.14 13 1 56
2503 227 6 2282 4/1 1342.339323475961 0.51 11 1 56
2507 227 10 2484 2/1 2684.6786469519216 0.73 13 1 39
2534 230 4 2445 6/1 412.36664017181528 0.57 3 0.5451500037727999 84
2541 231 0 2507 5/16 838.96207717247546 0.61 23 0.5246811193900693 77
2578 234 4 2445 6/1 412.36664017181528 0.51 13 0.4104906612643563 30
2614 237 7 2503 1/6 223.72322057932683 0.23 29 0.4740128991796148 40
2619 238 1 2541 5/4 1048.7025964655943 0.54 2 0.674795818898327 73
2634 239 5 2578 1/2 206.18332008590764 0.87 13 0.680323686450132 80
2635 239 6 2634 4/5 164.94665606872613 0.55 5 1 15
2638 239 9 2461 5/16 69.913506431039622 0.94 11 0.35959966283792694 71
2652 241 1 2541 1/2 419.48103858623773 0.02 1 1 82
2661 241 10 2638 8/3 186.43601714943898 0.33 23 1 33
2674 243 1 2541 5/4 1048.7025964655943 0.01 7 0.2248438374371786 72
2701 245 6 2634 4/5 164.94665606872613 0.00 13 0.5271957586943488 52
2719 247 2 2674 3/8 393.26347367459789 0.98 31 0.5054768982338245 0
2732 248 4 2445 4/5 54.982218689575376 0.03 29 0.17386177061777638 9
2762 251 1 2541 5/16 262.17564911639857 0.24 3 0.2551213748360647 83
2770 251 9 2461 6/1 1342.3393234759608 0.62 29 0.23782501044039925 3
2775 252 3 2719 1/1 393.26347367459789 0.29 13 0.2614783839829788 53
2788 253 5 2732 16/5 175.94309980664121 0.54 17 0.4371328405118598 87
2805 255 0 2661 4/5 149.14881371955119 0.81 17 0.1509786411975274 24
2806 255 1 2805 3/1 447.44644115865356 0.50 17 0.1662953149422041 62
2813 255 8 2614 5/16 69.913506431039636 0.26 7 0.13499266742367155 19
2855 259 6 2788 3/4 131.95732485498093 0.27 29 0.2167414741200847 55
2901 263 8 2614 5/16 69.913506431039636 0.30 2 0.15538344825036954 96
2925 265 10 2770 1/4 335.5848308689902 0.85 1 0.11859253766720317 99
2929 266 3 2719 3/4 294.94760525594842 0.51 5 0.24012676670949518 90
2934 266 8 2614 3/2 335.58483086899025 0.86 31 1 57
2944 267 7 2855 3/2 197.93598728247139 0.82 31 0.21060615286754053 89
2947 267 10 2770 8/5 2147.7429175615375 0.20 23 0.10245704734096565 64
