# Reference tone list for legacy/examples/sndharmonics5_1700-400-1297975154.ogg (v5, the program as archived on 17 February 2011).
# Produced by the 2011-02-17 source (legacy/examples/sndharmonics5.source.tar.gz) with v5_trace.patch applied:
#     ./harmonics_trace 1297975154 400 1700     (srand(1297975154), glibc rand(), totalSongTime = 400, binsPerSlot = 1700)
#     python3 trace_to_tones.py events.txt 400
# The traced program's out.wav is byte for byte the out.wav of the unpatched source given the same seed, cycles and binsPerSlot.
# It matches the 2011 recording: same length (7484400 frames), correlation 0.99941 (left) and
# 0.99938 (right) over the full length, with no time shift.
# Covers cycles 0..369 (ticks 0..4069): everything before the end phase. 571 tones; the last one starts at tick 4068.
# The v4 program (v4_trace.patch) run with the same seed and cycles gives the same 571 lines: v4 and v5 are one rule set.
# A new composer given the same rules, generator, seed and cycles must reproduce this list exactly.
#
# tick     slot boundary index; cycle = tick / 11, slot = tick % 11
# parent   tick at which the tone it derives from was created (the tone then occupying the previous slot)
# ratio    exact frequency ratio to the parent tone
# freq_hz  resulting frequency (double, 17 significant digits)
# pan      0 = left .. 1 = right
# reps     repetition count N: struck N+1 times, once per cycle, at gain N/N, (N-1)/N, .. 0/N
# level    1 = sounds, 0 = tracked silently (still passes its frequency on to the next slot)
# jitter   raw 0..99 draw; the 2011 sound uses it for the vibrato period, 18000 * (1 + 0.001 * jitter)
#          samples at 44.1 kHz ('-' = no draw, 18000)
#
# tick cycle slot parent ratio freq_hz pan reps level jitter
0 0 0 - - 595.40841094023585 0.64 7 1 -
1 0 1 0 5/1 2977.042054701179 0.99 1 0 82
2 0 2 1 2/5 1190.8168218804717 0.71 3 0 27
3 0 3 2 5/1 5954.0841094023581 0.33 3 0 36
4 0 4 3 1/1 5954.0841094023581 0.18 1 0 11
5 0 5 4 1/1 5954.0841094023581 0.25 3 0 14
6 0 6 5 2/3 3969.3894062682384 0.54 1 0 96
7 0 7 6 5/2 9923.4735156705956 0.02 3 0 96
8 0 8 7 2/5 3969.3894062682384 0.73 1 0 44
9 0 9 8 4/1 15877.557625072954 0.49 3 0 86
10 0 10 9 1/6 2646.2596041788256 0.37 2 1 96
23 2 1 0 8/3 1587.7557625072955 0.71 3 0 63
26 2 4 3 1/2 2977.042054701179 0.39 5 0 64
28 2 6 5 1/5 1190.8168218804717 0.78 1 0 27
30 2 8 7 5/4 12404.341894588244 0.42 2 0 52
43 3 10 9 1/4 3969.3894062682384 0.42 5 0 68
46 4 2 23 5/2 3969.3894062682384 0.22 3 0 62
47 4 3 46 2/1 7938.7788125364768 0.75 2 0 78
49 4 5 26 1/1 2977.042054701179 0.00 3 0 95
50 4 6 49 1/4 744.26051367529476 0.91 2 0 36
51 4 7 50 6/1 4465.563082051769 0.79 3 0 1
53 4 9 30 1/6 2067.3903157647073 0.19 2 0 91
63 5 8 51 5/16 1395.4884631411778 0.02 1 0 17
67 6 1 0 1/5 119.08168218804718 0.50 3 0 14
80 7 3 46 1/4 992.3473515670596 0.42 2 1 65
83 7 6 49 2/1 5954.0841094023581 0.82 3 0 99
85 7 8 51 1/2 2232.7815410258845 0.48 1 0 17
86 7 9 85 4/5 1786.2252328207078 0.74 2 0 71
88 8 0 43 3/4 2977.042054701179 0.02 1 0 50
90 8 2 67 8/5 190.53069150087549 0.28 3 0 82
92 8 4 80 5/4 1240.4341894588244 0.75 2 0 68
93 8 5 92 1/2 620.21709472941222 0.83 1 0 35
95 8 7 83 3/8 2232.7815410258845 0.62 2 0 77
107 9 8 95 4/1 8931.126164103538 0.01 1 0 57
109 9 10 86 2/3 1190.8168218804717 0.30 1 0 49
110 10 0 109 1/3 396.93894062682386 0.34 3 0 6
111 10 1 110 8/3 1058.5038416715302 0.67 1 0 82
113 10 3 90 16/5 609.69821280280155 0.13 1 0 57
115 10 5 92 1/2 620.21709472941222 0.26 1 1 39
119 10 9 107 1/3 2977.042054701179 0.81 1 0 28
125 11 4 113 5/8 381.06138300175098 0.41 1 0 32
127 11 6 115 1/4 155.05427368235306 0.72 1 0 32
128 11 7 127 2/1 310.10854736470611 0.59 2 1 5
129 11 8 128 3/4 232.5814105235296 0.66 5 0 38
131 11 10 119 4/5 2381.6336437609434 0.89 3 0 39
133 12 1 110 5/1 1984.6947031341192 0.55 3 1 88
134 12 2 133 5/4 2480.8683789176489 0.30 3 1 18
135 12 3 134 8/3 6615.6490104470631 0.48 5 0 15
137 12 5 125 5/16 119.08168218804718 0.46 3 0 91
141 12 9 129 3/2 348.8721157852944 0.55 5 0 43
147 13 4 135 3/8 2480.8683789176484 0.54 2 0 55
149 13 6 137 1/1 119.08168218804718 0.66 1 0 2
154 14 0 131 3/8 893.11261641035378 0.69 7 0 49
161 14 7 149 3/2 178.62252328207077 0.44 3 0 92
171 15 6 137 16/5 381.06138300175098 0.73 5 0 47
175 15 10 141 1/5 69.774423157058877 0.00 1 0 77
177 16 1 154 8/5 1428.9801862565662 0.65 5 0 89
178 16 2 177 5/16 446.55630820517695 0.49 2 0 97
180 16 4 135 1/5 1323.1298020894128 0.16 1 1 86
181 16 5 180 1/3 441.0432673631376 0.26 3 0 37
195 17 8 161 4/1 714.49009312828309 0.59 1 0 3
197 17 10 141 3/1 1046.6163473558831 0.27 3 0 54
201 18 3 178 2/3 297.70420547011793 0.98 2 0 56
202 18 4 201 2/3 198.46947031341193 0.95 2 0 57
205 18 7 171 1/3 127.02046100058365 0.80 1 1 64
207 18 9 195 1/5 142.89801862565662 0.33 1 0 2
211 19 2 177 4/5 1143.1841490052529 0.06 3 1 51
217 19 8 205 6/1 762.12276600350197 0.43 1 0 78
225 20 5 202 8/5 317.55115250145911 0.62 5 0 32
227 20 7 171 4/5 304.84910640140077 0.21 1 0 55
229 20 9 217 3/4 571.59207450262647 0.54 3 0 15
234 21 3 211 5/16 357.24504656414155 0.85 3 1 28
235 21 4 234 2/5 142.89801862565662 0.79 1 0 64
237 21 6 225 1/1 317.55115250145911 0.18 3 0 61
239 21 8 227 1/4 76.212276600350194 0.84 5 0 56
241 21 10 229 1/1 571.59207450262647 1.00 2 0 42
242 22 0 241 3/2 857.38811175393971 0.18 5 0 8
243 22 1 242 2/3 571.59207450262647 0.81 1 0 81
249 22 7 237 4/5 254.0409220011673 0.82 5 1 13
255 23 2 243 3/8 214.34702793848493 0.46 3 0 3
257 23 4 234 2/1 714.49009312828309 0.05 2 0 1
265 24 1 242 1/3 285.79603725131324 0.01 1 0 45
273 24 9 239 8/3 203.23273760093383 0.00 3 0 20
274 24 10 273 8/5 325.17238016149417 0.04 1 0 52
278 25 3 255 8/5 342.95524470157591 0.54 2 1 28
281 25 6 225 5/4 396.93894062682386 0.00 5 0 4
287 26 1 242 3/8 321.52054190772742 0.36 3 0 16
290 26 4 278 3/8 128.60821676309098 0.65 2 1 76
291 26 5 290 8/3 342.95524470157591 0.03 5 0 27
296 26 10 273 5/16 63.510230500291826 0.14 5 0 78
299 27 2 287 1/5 64.30410838154549 0.63 3 0 30
305 27 8 249 5/16 79.387788125364779 0.90 5 0 70
308 28 0 296 5/1 317.55115250145911 0.73 1 1 99
311 28 3 299 3/1 192.91232514463647 0.88 5 0 70
315 28 7 281 3/1 1190.8168218804717 0.35 2 1 40
317 28 9 305 5/2 198.46947031341193 0.09 5 0 58
323 29 4 311 5/2 482.28081286159119 0.91 2 0 78
330 30 0 296 4/3 84.680307333722425 0.19 2 0 59
331 30 1 330 5/2 211.70076833430608 0.99 2 0 83
343 31 2 331 8/5 338.72122933488976 0.95 3 1 52
347 31 6 291 3/4 257.21643352618196 0.87 1 0 86
348 31 7 347 4/3 342.95524470157591 0.52 1 0 24
356 32 4 311 16/5 617.31944046283672 0.65 1 1 22
357 32 5 356 3/1 1851.9583213885103 0.67 2 0 99
362 32 10 317 1/3 66.156490104470635 0.67 1 0 96
363 33 0 362 4/1 264.62596041788254 0.44 3 0 30
364 33 1 363 3/1 793.87788125364762 0.88 3 0 55
369 33 6 357 8/3 4938.5555237026938 0.98 5 0 26
370 33 7 369 8/5 7901.6888379243101 0.44 1 1 45
371 33 8 370 3/8 2963.1333142216163 0.64 5 1 30
377 34 3 343 5/4 423.40153666861221 0.08 3 0 89
378 34 4 377 1/6 70.566922778102025 0.00 11 0 81
383 34 9 371 5/8 1851.9583213885103 0.68 1 0 50
384 34 10 383 3/2 2777.9374820827652 0.66 1 1 90
387 35 2 364 5/1 3969.389406268238 0.91 2 1 85
390 35 5 378 8/3 188.17846074160539 0.42 3 1 88
392 35 7 369 2/5 1975.4222094810775 0.11 1 0 88
405 36 9 371 4/3 3950.844418962155 0.69 2 1 8
406 36 10 405 2/1 7901.6888379243101 0.96 11 0 10
407 37 0 406 1/6 1316.9481396540516 0.15 5 0 54
408 37 1 407 1/2 658.4740698270258 0.81 2 1 76
414 37 7 369 1/4 1234.6388809256734 0.64 7 1 17
420 38 2 408 6/1 3950.844418962155 0.24 11 0 49
421 38 3 420 2/5 1580.3377675848621 0.57 2 0 12
434 39 5 378 4/5 56.453538222481626 0.41 2 1 90
435 39 6 434 3/2 84.680307333722439 0.12 7 1 26
437 39 8 414 1/3 411.54629364189111 0.72 1 0 62
438 39 9 437 1/4 102.88657341047278 0.50 5 1 82
441 40 1 407 6/1 7901.6888379243101 0.66 2 1 29
454 41 3 420 1/6 658.4740698270258 0.47 3 1 7
459 41 8 414 8/3 3292.3703491351289 0.13 17 0 85
467 42 5 378 5/4 88.208653472627532 0.35 1 0 61
473 43 0 406 1/6 1316.9481396540516 0.86 7 0 14
474 43 1 473 2/5 526.77925586162064 0.50 2 1 62
489 44 5 378 8/5 112.90707644496325 0.60 1 0 76
498 45 3 420 5/8 2469.2777618513469 0.84 2 0 29
502 45 7 435 8/5 135.4884917339559 0.45 3 0 52
504 45 9 459 1/1 3292.3703491351289 0.01 1 0 69
507 46 1 473 3/4 987.71110474053876 0.32 1 0 58
510 46 4 498 1/5 493.85555237026938 0.86 3 1 66
511 46 5 510 1/3 164.61851745675645 0.34 1 0 54
523 47 6 511 4/5 131.69481396540516 0.38 5 0 33
526 47 9 459 3/2 4938.5555237026929 0.50 2 0 87
529 48 1 473 2/1 2633.8962793081032 0.00 1 0 42
531 48 3 420 5/2 9877.1110474053876 0.08 1 1 53
533 48 5 510 1/5 98.771110474053884 0.70 3 0 51
538 48 10 526 3/8 1851.9583213885098 0.41 1 1 32
546 49 7 523 8/5 210.71170234464827 0.07 7 0 87
551 50 1 473 4/3 1755.9308528720687 0.66 2 1 73
552 50 2 551 3/2 2633.8962793081032 0.69 5 0 96
553 50 3 552 1/4 658.4740698270258 0.30 2 0 5
554 50 4 553 3/8 246.92777618513469 0.91 7 0 9
559 50 9 459 5/16 1028.8657341047278 0.73 3 0 39
560 50 10 559 3/4 771.64930057854588 0.75 1 1 0
561 51 0 560 5/1 3858.2465028927295 0.38 3 0 70
577 52 5 554 6/1 1481.5666571108081 0.14 1 0 70
582 52 10 559 1/5 205.77314682094558 0.95 3 0 1
584 53 1 561 3/8 1446.8424385847736 0.71 2 0 97
586 53 3 552 2/3 1755.9308528720687 0.14 2 1 4
589 53 6 577 8/3 3950.844418962155 0.46 1 0 1
599 54 5 554 3/2 370.39166427770203 0.68 3 0 68
603 54 9 459 1/1 3292.3703491351289 0.08 2 1 70
605 55 0 582 4/5 164.61851745675648 0.08 3 0 15
611 55 6 599 16/5 1185.2533256886466 0.36 3 1 76
617 56 1 605 5/2 411.54629364189122 0.21 5 1 50
618 56 2 617 3/2 617.31944046283684 0.04 7 1 40
619 56 3 618 1/1 617.31944046283684 0.45 2 1 90
626 56 10 603 5/4 4115.4629364189113 0.91 5 0 82
634 57 7 611 4/1 4741.0133027545862 0.69 3 0 99
636 57 9 459 3/4 2469.2777618513464 0.87 1 0 72
642 58 4 619 3/8 231.49479017356381 0.23 2 1 23
643 58 5 642 8/5 370.39166427770215 0.72 11 0 55
649 59 0 626 8/3 10974.567830450429 0.78 13 0 53
652 59 3 618 4/3 823.09258728378245 0.75 2 1 40
655 59 6 643 3/4 277.79374820827661 0.21 7 0 17
657 59 8 634 8/3 12642.702140678895 0.76 3 1 44
658 59 9 657 1/4 3160.6755351697238 0.96 3 1 4
675 61 4 652 5/1 4115.4629364189122 0.35 1 1 34
678 61 7 655 6/1 1666.7624892496597 0.46 5 1 33
683 62 1 649 5/4 13718.209788063035 0.01 23 1 93
685 62 3 618 5/8 385.82465028927299 0.19 7 0 59
692 62 10 658 8/5 5057.0808562715583 0.50 3 0 84
697 63 4 685 2/1 771.64930057854599 0.02 3 1 41
701 63 8 678 2/3 1111.1749928331064 0.74 13 1 44
702 63 9 701 2/3 740.7833285554043 0.20 3 1 54
706 64 2 683 1/5 2743.6419576126073 0.07 11 1 57
736 66 10 702 1/4 185.19583213885107 0.51 17 0 16
741 67 4 685 3/2 578.73697543390949 0.82 13 1 73
743 67 6 643 3/8 138.89687410413831 0.67 3 1 8
744 67 7 743 2/5 55.558749641655325 0.33 3 1 44
746 67 9 701 1/1 1111.1749928331064 0.97 7 0 85
773 70 3 706 4/3 3658.1892768168095 0.61 17 0 14
775 70 5 741 3/1 1736.2109263017285 0.98 5 0 3
787 71 6 775 5/4 2170.2636578771608 0.21 7 0 7
788 71 7 787 3/2 3255.3954868157412 0.32 13 0 0
803 73 0 736 4/5 148.15666571108088 0.36 1 0 39
825 75 0 736 5/2 462.98958034712768 0.52 11 0 49
834 75 9 701 1/3 370.39166427770215 0.55 11 1 63
838 76 2 683 1/4 3429.5524470157588 0.25 1 1 31
841 76 5 741 5/2 1446.8424385847738 0.78 7 1 15
855 77 8 788 4/5 2604.3163894525933 0.10 1 1 85
860 78 2 683 5/8 8573.8811175393967 0.12 5 1 60
875 79 6 841 6/1 8681.0546315086431 0.02 7 1 25
877 79 8 788 5/8 2034.6221792598383 0.27 1 1 51
895 81 4 773 1/6 609.69821280280155 0.79 11 1 31
899 81 8 788 1/1 3255.3954868157412 0.89 5 0 97
926 84 2 683 5/8 8573.8811175393967 0.43 5 1 67
929 84 5 895 1/6 101.61636880046692 0.81 3 0 93
934 84 10 834 5/1 1851.9583213885107 0.64 13 0 55
942 85 7 875 1/5 1736.2109263017287 0.66 3 0 39
947 86 1 825 4/5 370.39166427770215 0.50 5 1 94
957 87 0 934 3/2 2777.9374820827661 0.29 5 1 60
963 87 6 929 4/3 135.48849173395587 0.54 13 1 74
965 87 8 942 1/1 1736.2109263017287 0.13 5 0 52
966 87 9 965 5/1 8681.0546315086431 0.66 3 1 0
971 88 3 926 1/3 2857.9603725131319 0.04 5 1 19
973 88 5 895 5/2 1524.2455320070039 0.30 1 1 13
986 89 7 963 5/4 169.36061466744485 0.65 7 1 93
992 90 2 947 6/1 2222.3499856662129 0.81 1 1 13
995 90 5 895 3/4 457.27365960210113 0.42 2 1 73
1010 91 9 965 1/1 1736.2109263017287 0.52 2 1 70
1013 92 1 957 1/4 694.48437052069153 0.38 31 1 41
1014 92 2 1013 1/1 694.48437052069153 0.91 29 1 3
1023 93 0 934 5/1 9259.7916069425537 0.83 13 1 38
1027 93 4 971 5/1 14289.801862565659 0.10 1 0 44
1028 93 5 1027 1/4 3572.4504656414147 0.85 11 0 11
1031 93 8 986 3/1 508.08184400233455 0.73 11 1 29
1037 94 3 1014 3/2 1041.7265557810374 0.22 3 1 13
1043 94 9 1031 1/4 127.02046100058364 0.93 7 1 15
1049 95 4 1037 1/4 260.43163894525935 0.46 2 0 46
1074 97 7 963 3/2 203.2327376009338 0.18 11 1 0
1081 98 3 1014 3/8 260.43163894525935 0.24 17 0 51
1082 98 4 1081 4/5 208.34531115620749 0.10 23 0 43
1088 98 10 1043 5/8 79.387788125364779 0.50 5 1 33
1117 101 6 1028 16/5 11431.841490052528 0.98 17 1 61
1131 102 9 1031 16/5 1625.8619008074706 0.02 7 1 89
1154 104 10 1131 4/5 1300.6895206459767 0.18 7 1 98
1160 105 5 1082 1/3 69.448437052069153 0.73 11 1 9
1163 105 8 1074 1/4 50.808184400233451 0.72 2 1 71
1177 107 0 1154 1/4 325.17238016149417 0.89 2 1 43
1196 108 8 1074 8/5 325.17238016149412 0.18 3 1 8
1206 109 7 1117 1/1 11431.841490052528 0.43 13 1 41
1210 110 0 1154 4/3 1734.2526941946355 0.43 17 1 97
1219 110 9 1196 8/3 867.12634709731765 0.14 2 1 7
1240 112 8 1206 1/6 1905.3069150087545 0.99 5 1 87
1242 112 10 1219 6/1 5202.7580825839059 0.32 3 1 26
1252 113 9 1240 1/4 476.32672875218861 0.25 7 1 48
1279 116 3 1014 5/4 868.10546315086435 0.15 31 1 88
1286 116 10 1252 1/2 238.16336437609431 0.55 3 1 4
1292 117 5 1082 1/2 104.17265557810374 0.49 13 1 80
1306 118 8 1206 1/2 5715.9207450262638 0.18 1 1 5
1315 119 6 1292 16/5 333.35249784993198 0.82 13 1 73
1328 120 8 1206 1/2 5715.9207450262638 0.00 2 1 88
1330 120 10 1252 6/1 2857.9603725131319 0.59 1 1 91
1340 121 9 1328 5/4 7144.9009312828293 0.75 5 1 35
1344 122 2 1013 5/8 434.05273157543218 0.90 2 1 64
1346 122 4 1279 3/4 651.07909736314832 0.81 31 1 73
1352 122 10 1340 1/6 1190.8168218804715 0.14 13 1 72
1360 123 7 1315 3/2 500.02874677489797 0.04 31 1 32
1361 123 8 1360 3/2 750.0431201623469 0.99 3 1 37
1365 124 1 1210 16/5 5549.6086214228344 0.50 31 1 89
1377 125 2 1365 2/5 2219.8434485691337 0.43 7 1 71
1405 127 8 1360 1/1 500.02874677489797 0.63 1 1 2
1406 127 9 1405 1/6 83.338124462482995 0.93 13 1 0
1408 128 0 1352 3/8 446.55630820517683 0.50 31 1 17
1427 129 8 1360 3/2 750.0431201623469 0.20 29 1 67
1446 131 5 1346 5/4 813.8488717039354 0.47 31 1 65
1465 133 2 1365 2/5 2219.8434485691337 0.36 17 1 79
1469 133 6 1446 1/3 271.2829572346451 0.82 3 1 58
1506 136 10 1406 3/4 62.503593346862246 0.80 1 1 21
1513 137 6 1446 5/8 508.65554481495963 0.43 17 1 20
1528 138 10 1406 3/2 125.00718669372449 0.55 7 1 93
1560 141 9 1427 4/1 3000.1724806493876 0.60 13 1 79
1616 146 10 1560 8/5 4800.2759690390203 0.30 29 1 93
1631 148 3 1465 2/3 1479.8956323794223 0.54 17 1 66
1663 151 2 1365 3/4 4162.2064660671258 0.11 11 1 97
1698 154 4 1631 2/3 986.5970882529482 0.49 13 1 37
1711 155 6 1446 2/5 325.53954868157416 0.22 5 1 23
1712 155 7 1711 1/2 162.76977434078708 0.60 31 1 1
1714 155 9 1427 2/1 1500.0862403246938 0.64 5 1 57
1717 156 1 1408 6/1 2679.3378492310612 0.76 5 1 85
1757 159 8 1712 3/4 122.07733075559031 0.50 1 1 85
1760 160 0 1616 3/1 14400.827907117062 0.09 23 1 87
1777 161 6 1446 1/3 271.2829572346451 0.80 13 1 88
1779 161 8 1712 4/1 651.07909736314832 0.93 31 1 58
1780 161 9 1779 2/1 1302.1581947262966 0.30 5 1 31
1783 162 1 1760 3/8 5400.3104651688982 0.17 29 1 23
1795 163 2 1783 5/8 3375.1940407305615 0.43 23 1 3
1798 163 5 1698 5/4 1233.2463603161852 0.73 13 1 31
1829 166 3 1795 5/16 1054.7481377283004 0.29 17 1 26
1846 167 9 1779 1/6 108.51318289385804 0.83 13 1 62
1852 168 4 1829 5/2 2636.870344320751 0.67 3 1 15
1896 172 4 1829 2/1 2109.4962754566009 0.93 1 1 51
1918 174 4 1829 1/4 263.68703443207511 0.38 1 1 94
1931 175 6 1798 1/5 246.64927206323705 0.14 2 1 55
1940 176 4 1829 5/4 1318.4351721603755 0.46 23 1 62
1946 176 10 1846 8/3 289.36848771695475 0.25 13 1 63
1952 177 5 1940 3/8 494.41318956014084 0.42 5 1 0
1964 178 6 1952 2/1 988.82637912028167 0.15 1 1 92
1986 180 6 1952 5/1 2472.0659478007042 0.20 7 1 34
2000 181 9 1779 3/8 244.15466151118062 0.61 7 1 98
2018 183 5 1940 1/3 439.47839072012516 0.47 23 1 8
2024 184 0 1946 4/3 385.82465028927299 0.64 7 1 68
2027 184 3 1795 4/3 4500.2587209740814 0.90 13 1 34
2059 187 2 1783 1/4 1350.0776162922245 0.94 17 1 50
2064 187 7 1986 6/1 14832.395686804226 0.79 11 1 94
2074 188 6 2018 2/5 175.79135628805008 0.88 17 1 46
2088 189 9 1779 2/1 1302.1581947262966 0.42 31 1 36
2100 190 10 2088 3/2 1953.237292089445 0.16 7 1 25
2112 192 0 2100 1/4 488.30932302236124 0.70 1 1 21
2113 192 1 2112 3/4 366.23199226677093 0.18 5 1 45
2131 193 8 2064 1/6 2472.0659478007042 0.31 5 1 10
2134 194 0 2100 5/2 4883.0932302236124 0.77 5 1 88
2179 198 1 2134 2/5 1953.237292089445 0.80 17 1 12
2181 198 3 2059 2/5 540.03104651688989 0.76 1 1 87
2188 198 10 2088 6/1 7812.9491683577799 0.28 5 1 28
2196 199 7 2074 2/3 117.19423752536672 0.36 31 1 36
2197 199 8 2196 1/2 58.597118762683358 0.49 17 1 13
2200 200 0 2188 2/1 15625.89833671556 0.80 11 1 30
2203 200 3 2059 5/2 3375.1940407305615 0.98 23 1 83
2204 200 4 2203 1/3 1125.0646802435203 0.67 1 1 27
2226 202 4 2203 5/2 8437.9851018264035 0.16 31 1 81
2254 204 10 2088 4/3 1736.2109263017287 0.60 11 1 71
2257 205 2 2179 5/16 610.38665377795155 0.30 13 1 0
2272 206 6 2018 6/1 2636.870344320751 0.62 3 1 7
2282 207 5 2226 2/3 5625.3234012176017 0.50 5 1 5
2316 210 6 2282 4/5 4500.2587209740814 0.73 5 1 1
2332 212 0 2254 1/3 578.73697543390949 0.11 3 1 77
2348 213 5 2226 8/5 13500.776162922246 0.67 5 1 27
2376 216 0 2254 8/5 2777.9374820827661 0.03 11 1 19
2377 216 1 2376 1/1 2777.9374820827661 0.78 23 1 81
2382 216 6 2348 1/5 2700.1552325844495 0.50 5 1 12
2386 216 10 2088 1/2 651.07909736314832 0.98 3 1 81
2395 217 8 2196 5/1 585.97118762683363 0.04 5 1 42
2411 219 2 2377 2/1 5555.8749641655322 0.71 1 1 59
2414 219 5 2226 8/5 13500.776162922246 0.08 5 1 96
2430 220 10 2088 5/8 813.8488717039354 0.66 1 1 33
2433 221 2 2377 8/3 7407.833285554043 0.02 1 1 10
2440 221 9 2395 3/1 1757.9135628805009 0.92 23 1 90
2448 222 6 2414 2/3 9000.5174419481627 0.96 5 1 93
2452 222 10 2440 3/2 2636.8703443207514 0.96 5 1 49
2455 223 2 2377 5/1 13889.68741041383 0.80 31 1 33
2461 223 8 2196 1/2 58.597118762683358 0.59 17 1 13
2467 224 3 2455 5/16 4340.5273157543215 0.64 5 1 24
2480 225 5 2226 2/5 3375.1940407305615 0.49 5 1 79
2508 228 0 2452 4/5 2109.4962754566013 0.15 13 1 93
2514 228 6 2480 1/6 562.53234012176017 0.58 23 1 62
2518 228 10 2440 5/2 4394.7839072012521 0.94 2 1 71
2533 230 3 2455 2/3 9259.7916069425519 0.53 17 1 78
2546 231 5 2226 5/4 10547.481377283004 0.85 13 1 57
2548 231 7 2514 2/3 375.02156008117345 0.06 29 1 44
2551 231 10 2440 3/4 1318.4351721603757 0.59 29 1 34
2578 234 4 2533 2/3 6173.1944046283679 0.66 5 1 1
2641 240 1 2508 4/5 1687.5970203652812 0.42 31 1 47
2644 240 4 2533 5/8 5787.3697543390954 0.08 13 1 49
2659 241 8 2548 1/1 375.02156008117345 0.00 17 1 22
2662 242 0 2551 5/8 824.02198260023488 0.03 17 1 64
2700 245 5 2644 2/5 2314.9479017356384 0.31 23 1 3
2704 245 9 2659 5/8 234.3884750507334 0.22 7 1 29
2731 248 3 2455 3/4 10417.265557810373 0.16 31 1 95
2778 252 6 2700 3/8 868.10546315086435 0.80 29 1 35
2792 253 9 2659 1/3 125.00718669372448 0.00 23 1 24
2798 254 4 2731 4/3 13889.68741041383 0.23 11 1 98
2807 255 2 2641 8/5 2700.15523258445 0.03 2 1 2
2840 258 2 2641 1/6 281.2661700608802 0.41 11 1 69
2857 259 8 2548 1/2 187.51078004058672 0.43 2 1 42
2860 260 0 2551 2/1 2636.8703443207514 0.14 17 1 37
2878 261 7 2778 5/16 271.2829572346451 0.54 23 1 59
2881 261 10 2792 4/3 166.67624892496596 0.05 23 1 69
2890 262 8 2878 5/8 169.55184827165317 0.76 17 1 97
2930 266 4 2731 4/3 13889.68741041383 0.47 2 1 46
2963 269 4 2731 1/3 3472.4218526034574 0.57 2 1 35
2964 269 5 2963 4/1 13889.68741041383 0.33 17 1 72
2972 270 2 2641 5/16 527.37406886415033 0.48 1 1 72
2993 272 1 2860 5/1 13184.351721603758 0.04 5 1 98
2994 272 2 2993 2/3 8789.5678144025042 0.91 11 1 49
2996 272 4 2731 5/16 3255.3954868157416 0.70 7 1 11
3056 277 9 2890 8/5 271.2829572346451 0.45 2 0 49
3058 278 0 2881 5/2 416.69062231241492 0.92 1 1 61
3059 278 1 3058 2/1 833.38124462482983 0.41 1 1 0
3080 280 0 2881 5/16 52.086327789051865 0.95 2 0 48
3081 280 1 3080 6/1 312.51796673431119 0.77 7 1 1
3083 280 3 2994 2/5 3515.8271257610018 0.15 7 1 71
3084 280 4 3083 3/1 10547.481377283006 0.42 13 1 54
3088 280 8 2878 5/16 84.775924135826585 0.28 23 1 20
3089 280 9 3088 6/1 508.65554481495951 0.67 5 1 81
3108 282 6 2964 2/3 9259.7916069425519 0.21 23 1 35
3113 283 0 2881 4/3 222.23499856662127 0.39 3 1 93
3126 284 2 3081 3/8 117.1942375253667 0.96 3 1 66
3142 285 7 3108 5/16 2893.6848771695477 0.25 3 1 70
3145 285 10 3089 3/4 381.49165861121963 0.51 29 1 97
3155 286 9 3088 3/1 254.32777240747976 0.18 23 0 78
3157 287 0 3145 1/3 127.16388620373988 0.87 11 0 17
3162 287 5 3084 1/3 3515.8271257610018 0.27 23 0 23
3169 288 1 3157 4/1 508.65554481495951 0.97 5 1 98
3170 288 2 3169 8/3 1356.4147861732254 0.08 2 1 81
3171 288 3 3170 3/4 1017.311089629919 0.85 1 1 95
3186 289 7 3108 4/3 12346.388809256736 0.35 7 1 72
3193 290 3 3170 3/2 2034.622179259838 0.41 13 1 95
3203 291 2 3169 5/16 158.95485775467483 0.76 7 1 43
3235 294 1 3157 2/1 254.32777240747976 0.61 17 1 49
3238 294 4 3193 3/2 3051.9332688897571 0.93 7 1 39
3274 297 7 3108 2/3 6173.1944046283679 0.80 7 0 16
3289 299 0 3145 4/1 1525.9666344448785 0.43 2 1 36
3291 299 2 3235 2/1 508.65554481495951 0.59 11 1 9
3322 302 0 3145 5/16 119.21614331600614 0.77 11 1 24
3326 302 4 3193 5/16 635.81943101869933 0.28 17 0 27
3347 304 3 3291 1/3 169.55184827165317 0.04 11 1 36
3352 304 8 3274 2/1 12346.388809256736 0.21 7 0 10
3362 305 7 3108 3/8 3472.421852603457 0.30 7 0 45
3372 306 6 3162 4/5 2812.6617006088018 0.59 3 0 61
3416 310 6 3162 3/8 1318.4351721603757 0.36 13 0 90
3419 310 9 3352 3/8 4629.8958034712759 0.02 11 0 91
3423 311 2 3235 4/3 339.10369654330634 0.25 11 1 46
3426 311 5 3326 1/6 105.96990516978322 0.26 2 1 1
3433 312 1 3322 4/5 95.372914652804923 0.29 11 0 74
3440 312 8 3362 1/4 868.10546315086424 0.56 5 0 74
3450 313 7 3416 4/5 1054.7481377283007 0.22 3 0 31
3454 314 0 3145 6/1 2288.9499516673177 0.69 11 0 6
3459 314 5 3326 5/8 397.38714438668705 0.75 3 0 13
3475 315 10 3419 1/4 1157.473950867819 0.52 1 0 89
3479 316 3 3423 1/2 169.55184827165317 0.45 1 0 71
3494 317 7 3416 1/3 439.47839072012522 0.89 2 1 23
3497 317 10 3419 1/3 1543.298601157092 0.81 3 1 11
3501 318 3 3423 3/8 127.16388620373988 0.35 1 0 86
3503 318 5 3326 3/1 1907.458293056098 0.24 7 1 98
3506 318 8 3494 16/5 1406.3308503044009 1.00 3 0 96
3523 320 3 3423 4/5 271.2829572346451 0.05 11 0 65
3524 320 4 3523 3/8 101.73110896299191 0.72 2 0 8
3527 320 7 3416 2/1 2636.8703443207514 0.76 3 0 41
3541 321 10 3419 1/5 925.97916069425526 0.57 2 0 68
3550 322 8 3527 4/1 10547.481377283006 0.09 1 0 77
3551 322 9 3550 4/3 14063.308503044007 0.05 3 0 91
3555 323 2 3433 16/5 305.19332688897578 0.20 2 0 83
3557 323 4 3523 5/16 84.775924135826585 0.42 2 0 56
3565 324 1 3454 1/3 762.98331722243915 0.52 3 0 82
3570 324 6 3503 1/2 953.729146528049 0.07 2 0 45
3571 324 7 3570 5/16 298.04035829001532 0.27 1 0 18
3572 324 8 3571 3/2 447.06053743502298 0.82 2 1 66
3574 324 10 3551 1/6 2343.8847505073345 0.92 1 0 77
3586 326 0 3574 1/5 468.77695010146692 0.11 2 0 61
3588 326 2 3565 3/1 2288.9499516673177 0.41 3 1 21
3590 326 4 3523 1/4 67.820739308661274 0.79 1 0 97
3591 326 5 3590 1/1 67.820739308661274 0.43 2 1 69
3593 326 7 3570 8/5 1525.9666344448785 0.66 2 0 80
3595 326 9 3572 2/3 298.04035829001532 0.67 2 0 49
3596 326 10 3595 3/8 111.76513435875574 0.05 3 1 82
3603 327 6 3591 4/1 271.2829572346451 0.26 7 1 10
3605 327 8 3593 4/5 1220.7733075559029 0.19 2 1 10
3609 328 1 3586 5/2 1171.9423752536673 0.50 5 0 64
3612 328 4 3523 16/5 868.10546315086435 0.74 11 0 34
3619 329 0 3596 8/3 298.04035829001532 0.26 13 0 60
3624 329 5 3612 1/2 434.05273157543218 0.53 1 0 82
3626 329 7 3603 3/8 101.73110896299191 0.26 2 0 25
3628 329 9 3605 1/4 305.19332688897572 0.20 7 1 1
3632 330 2 3609 3/8 439.47839072012522 0.38 7 0 30
3638 330 8 3626 5/2 254.32777240747978 0.13 5 0 63
3640 330 10 3628 1/5 61.038665377795148 0.35 2 0 58
3646 331 5 3612 5/2 2170.2636578771608 0.37 2 0 38
3655 332 3 3632 6/1 2636.8703443207514 0.15 2 0 82
3659 332 7 3603 4/3 361.71060964619346 0.18 2 0 62
3673 333 10 3628 3/1 915.57998066692721 0.06 2 0 45
3675 334 1 3619 1/1 298.04035829001532 0.76 3 0 87
3679 334 5 3612 1/4 217.02636578771609 0.15 1 1 97
3688 335 3 3632 4/1 1757.9135628805009 0.86 1 0 95
3691 335 6 3679 3/1 651.07909736314832 0.86 7 0 60
3692 335 7 3691 8/5 1041.7265557810374 0.63 3 0 14
3701 336 5 3612 1/3 289.36848771695475 0.78 1 0 50
3704 336 8 3692 1/4 260.43163894525935 0.71 1 0 55
3706 336 10 3628 3/1 915.57998066692721 0.89 1 0 1
3710 337 3 3632 2/3 292.98559381341681 0.15 1 1 70
3716 337 9 3704 3/1 781.29491683577805 0.66 3 0 77
3719 338 1 3619 1/4 74.51008957250383 0.84 1 0 52
3720 338 2 3719 4/3 99.346786096671764 0.85 1 0 31
3723 338 5 3612 2/3 578.73697543390949 0.99 2 0 28
3726 338 8 3692 5/16 325.53954868157416 0.96 3 0 34
3728 338 10 3716 5/8 488.3093230223613 0.78 1 1 2
3732 339 3 3720 6/1 596.08071658003064 0.52 3 0 48
3736 339 7 3691 5/1 3255.3954868157416 0.19 3 0 11
3741 340 1 3619 4/5 238.43228663201228 0.43 3 1 82
3742 340 2 3741 5/4 298.04035829001532 0.24 5 0 19
3744 340 4 3732 3/1 1788.2421497400919 0.40 5 1 42
3750 340 10 3716 16/5 2500.14373387449 0.30 3 1 53
3756 341 5 3744 6/1 10729.452898440552 0.94 3 0 32
3760 341 9 3726 5/16 101.73110896299193 0.80 7 0 70
3770 342 8 3736 2/3 2170.2636578771608 0.56 2 0 58
3773 343 0 3750 3/8 937.55390020293373 0.77 2 1 43
3776 343 3 3742 1/4 74.51008957250383 0.62 2 0 2
3779 343 6 3756 1/4 2682.3632246101379 0.17 7 0 92
3780 343 7 3779 1/5 536.4726449220276 0.68 3 0 64
3785 344 1 3773 16/5 3000.172480649388 0.51 2 0 0
3794 344 10 3760 5/8 63.581943101869953 0.61 7 0 36
3800 345 5 3744 5/2 4470.6053743502298 0.49 5 0 91
3803 345 8 3780 8/5 858.35623187524425 0.23 2 0 86
3806 346 0 3794 4/1 254.32777240747981 0.58 2 0 21
3808 346 2 3785 3/1 9000.5174419481646 0.61 3 0 79
3809 346 3 3808 5/8 5625.3234012176026 0.99 2 0 31
3810 346 4 3809 2/5 2250.1293604870411 0.29 2 0 19
3818 347 1 3806 3/4 190.74582930560985 0.01 1 1 45
3824 347 7 3779 16/5 8583.5623187524416 0.08 1 0 25
3836 348 8 3824 4/5 6866.849855001954 0.82 3 1 42
3839 349 0 3794 3/2 95.372914652804923 0.74 3 0 9
3840 349 1 3839 5/2 238.43228663201231 0.85 3 1 78
3842 349 3 3808 5/4 11250.646802435205 0.80 3 0 11
3843 349 4 3842 5/8 7031.6542515220035 0.81 5 0 61
3846 349 7 3779 3/2 4023.5448369152068 0.39 3 0 76
3848 349 9 3836 5/16 2145.8905796881108 0.39 1 0 77
3852 350 2 3840 1/3 79.477428877337431 0.18 1 0 75
3866 351 5 3843 5/4 8789.5678144025042 0.80 3 1 81
3867 351 6 3866 1/1 8789.5678144025042 0.70 2 0 1
3870 351 9 3836 1/4 1716.7124637504885 0.33 2 0 78
3874 352 2 3840 2/1 476.86457326402461 0.80 3 0 57
3880 352 8 3846 2/5 1609.4179347660829 0.59 3 0 93
3882 352 10 3870 4/5 1373.3699710003909 0.84 1 0 47
3883 353 0 3882 5/16 429.17811593762218 0.35 1 0 39
3884 353 1 3883 1/3 143.05937197920738 0.47 1 0 74
3886 353 3 3874 5/8 298.04035829001538 0.44 2 0 20
3890 353 7 3867 1/5 1757.9135628805009 0.75 3 0 88
3900 354 6 3866 2/3 5859.7118762683358 0.35 1 0 40
3903 354 9 3880 1/3 536.4726449220276 0.55 3 0 30
3904 354 10 3903 5/16 167.64770153813362 0.37 3 0 84
3905 355 0 3904 3/8 62.867888076800106 0.28 2 0 8
3906 355 1 3905 1/1 62.867888076800106 0.24 2 0 40
3909 355 4 3886 5/4 372.55044786251921 0.57 3 0 51
3910 355 5 3909 4/5 298.04035829001538 0.43 3 1 11
3918 356 2 3906 4/3 83.823850769066809 0.43 3 0 22
3919 356 3 3918 16/5 268.2363224610138 0.77 3 0 44
3922 356 6 3910 1/1 298.04035829001538 0.78 2 0 35
3924 356 8 3890 1/1 1757.9135628805009 0.56 3 0 97
3934 357 7 3922 3/8 111.76513435875577 0.94 1 0 92
3938 358 0 3904 5/16 52.389906730666752 0.13 2 0 18
3939 358 1 3938 1/1 52.389906730666752 0.70 3 0 99
3947 358 9 3924 2/3 1171.9423752536673 0.88 2 0 31
3948 358 10 3947 3/1 3515.8271257610018 0.04 1 0 57
3953 359 4 3919 6/1 1609.4179347660829 0.39 2 0 41
3954 359 5 3953 1/1 1609.4179347660829 0.52 3 0 6
3955 359 6 3954 5/16 502.94310461440091 0.60 2 1 53
3956 359 7 3955 3/4 377.20732846080068 0.71 1 0 27
3962 360 2 3939 5/1 261.94953365333379 0.24 1 0 5
3963 360 3 3962 5/4 327.43691706666721 0.72 2 0 71
3968 360 8 3956 4/1 1508.8293138432027 0.16 1 0 49
3970 360 10 3947 16/5 3750.2156008117354 0.36 3 0 33
3971 361 0 3970 3/1 11250.646802435207 0.25 3 0 29
3978 361 7 3955 1/1 502.94310461440091 0.33 3 0 25
3980 361 9 3968 4/5 1207.0634510745622 0.87 2 0 68
3983 362 1 3971 1/4 2812.6617006088018 0.73 1 0 50
3984 362 2 3983 2/3 1875.1078004058677 0.17 3 0 3
3986 362 4 3963 1/3 109.1456390222224 0.40 1 1 50
3988 362 6 3954 4/3 2145.8905796881104 0.11 5 1 63
3990 362 8 3978 1/5 100.58862092288018 0.23 1 0 61
3996 363 3 3984 1/2 937.55390020293385 0.28 2 0 11
3998 363 5 3986 3/2 163.7184585333336 0.79 1 0 20
4005 364 1 3971 5/8 7031.6542515220044 0.65 5 0 34
4008 364 4 3996 2/5 375.02156008117356 0.97 3 0 74
4012 364 8 3978 2/1 1005.8862092288018 0.43 1 0 62
4013 364 9 4012 3/8 377.20732846080068 0.78 2 0 33
4014 364 10 4013 16/5 1207.0634510745622 0.70 3 0 71
4015 365 0 4014 4/3 1609.4179347660829 0.73 3 0 13
4020 365 5 4008 1/3 125.00718669372452 0.00 2 0 99
4022 365 7 3988 4/1 8583.5623187524416 0.05 3 0 90
4028 366 2 4005 2/5 2812.6617006088018 0.03 3 0 59
4029 366 3 4028 3/1 8437.9851018264053 0.08 3 0 42
4034 366 8 4022 1/2 4291.7811593762208 0.86 3 0 56
4046 367 9 4034 2/5 1716.7124637504885 0.66 1 0 7
4052 368 4 4029 1/4 2109.4962754566013 0.87 2 0 46
4053 368 5 4052 3/8 791.0611032962255 0.55 1 1 8
4054 368 6 4053 8/3 2109.4962754566013 0.73 1 0 88
4058 368 10 4046 1/1 1716.7124637504885 0.94 1 0 48
4059 369 0 4058 16/5 5493.4798840015637 0.57 2 1 93
4066 369 7 4054 5/2 5273.7406886415029 0.68 3 1 70
4068 369 9 4034 2/1 8583.5623187524416 0.09 3 0 55
