# Reference tone list for legacy/examples/sndharmonics5_700-200-1297981226.ogg (v5, the program as archived on 17 February 2011).
# Produced by the 2011-02-17 source (legacy/examples/sndharmonics5.source.tar.gz) with v5_trace.patch applied:
#     ./harmonics_trace 1297981226 200 700     (srand(1297981226), glibc rand(), totalSongTime = 200, binsPerSlot = 700)
#     python3 trace_to_tones.py events.txt 200
# The traced program's out.wav is byte for byte the out.wav of the unpatched source given the same seed, cycles and binsPerSlot.
# It matches the 2011 recording: same length (1542200 frames), correlation 0.99921 (left) and
# 0.99908 (right) over the full length, with no time shift.
# Covers cycles 0..169 (ticks 0..1869): everything before the end phase. 257 tones; the last one starts at tick 1869.
# The v4 program (v4_trace.patch) run with the same seed and cycles gives the same 257 lines: v4 and v5 are one rule set.
# A new composer given the same rules, generator, seed and cycles must reproduce this list exactly.
#
# tick     slot boundary index; cycle = tick / 11, slot = tick % 11
# parent   tick at which the tone it derives from was created (the tone then occupying the previous slot)
# ratio    exact frequency ratio to the parent tone
# freq_hz  resulting frequency (double, 17 significant digits)
# pan      0 = left .. 1 = right
# reps     repetition count N: struck N+1 times, once per cycle, at gain N/N, (N-1)/N, .. 0/N
# level    1 = sounds, 0 = tracked silently (still passes its frequency on to the next slot)
# jitter   raw 0..99 draw; the 2011 sound uses it for the vibrato period, 18000 * (1 + 0.001 * jitter)
#          samples at 44.1 kHz ('-' = no draw, 18000)
#
# tick cycle slot parent ratio freq_hz pan reps level jitter
0 0 0 - - 13099.888803263742 0.04 1 1 -
1 0 1 0 4/5 10479.911042610995 0.32 3 0 60
2 0 2 1 1/1 10479.911042610995 0.53 2 0 13
3 0 3 2 1/4 2619.9777606527487 0.74 3 0 50
4 0 4 3 3/1 7859.933281958246 0.41 3 0 87
5 0 5 4 1/6 1309.9888803263743 0.47 3 0 24
6 0 6 5 4/5 1047.9911042610995 0.97 1 0 6
7 0 7 6 4/3 1397.3214723481326 0.98 1 0 68
8 0 8 7 8/3 3726.1905929283535 0.48 1 0 59
9 0 9 8 5/16 1164.4345602901105 0.23 3 0 21
10 0 10 9 4/3 1552.5794137201474 0.01 1 0 38
22 2 0 10 4/5 1242.063530976118 0.94 2 0 3
28 2 6 5 1/2 654.99444016318716 0.30 1 1 23
29 2 7 28 1/2 327.49722008159358 0.07 1 0 46
30 2 8 29 16/5 1047.9911042610995 0.20 2 0 74
32 2 10 9 5/8 727.77160018131906 0.33 3 0 6
35 3 2 1 5/4 13099.888803263744 0.07 3 0 56
45 4 1 22 2/5 496.82541239044724 0.55 1 1 14
47 4 3 35 3/4 9824.9166024478072 0.86 1 0 73
48 4 4 47 2/5 3929.966640979123 0.97 2 0 56
49 4 5 48 5/4 4912.4583012239036 0.85 2 0 62
50 4 6 49 2/1 9824.9166024478072 0.76 2 0 26
51 4 7 50 1/4 2456.2291506119518 0.00 3 0 0
53 4 9 30 4/3 1397.3214723481326 0.20 3 0 39
55 5 0 32 16/5 2328.8691205802211 0.97 3 0 66
63 5 8 51 3/4 1842.1718629589639 0.67 2 1 78
67 6 1 55 5/2 5822.1728014505525 0.27 1 0 56
69 6 3 35 2/5 5239.9555213054982 0.06 2 0 42
76 6 10 53 8/3 3726.1905929283535 0.30 2 0 61
79 7 2 67 3/8 2183.3148005439571 0.57 3 0 0
81 7 4 69 3/4 3929.9666409791234 0.55 2 1 74
82 7 5 81 2/3 2619.9777606527487 0.48 1 0 77
83 7 6 82 5/1 13099.888803263744 0.94 2 0 36
89 8 1 55 5/2 5822.1728014505525 0.00 2 0 15
95 8 7 83 2/5 5239.9555213054982 0.45 5 1 5
96 8 8 95 4/3 6986.6073617406637 0.60 2 0 45
97 8 9 96 1/5 1397.3214723481328 0.99 2 0 68
99 9 0 76 2/1 7452.3811858567069 0.72 3 0 57
102 9 3 79 3/1 6549.9444016318712 0.48 2 0 92
104 9 5 81 1/3 1309.9888803263743 0.25 2 0 66
109 9 10 97 4/1 5589.2858893925313 0.93 1 0 37
114 10 4 102 4/3 8733.2592021758282 0.84 2 1 60
116 10 6 104 3/4 982.49166024478075 0.77 2 0 89
122 11 1 99 4/3 9936.5082478089425 0.75 2 1 1
123 11 2 122 2/5 3974.603299123577 0.84 3 0 38
129 11 8 95 1/3 1746.6518404351659 0.60 2 0 93
130 11 9 129 5/1 8733.2592021758301 0.37 3 0 79
131 11 10 130 5/16 2729.143500679947 0.65 7 0 98
135 12 3 123 1/1 3974.603299123577 0.11 2 0 91
137 12 5 114 1/3 2911.0864007252758 0.34 5 0 62
143 13 0 131 4/5 2183.3148005439575 0.46 7 0 78
147 13 4 135 5/2 9936.5082478089425 0.43 1 1 62
149 13 6 137 3/4 2183.3148005439571 0.67 7 0 2
155 14 1 143 3/2 3274.972200815936 0.56 3 0 88
161 14 7 149 5/2 5458.2870013598931 0.51 2 0 94
162 14 8 161 3/8 2046.8576255099599 0.13 1 0 61
167 15 2 155 4/3 4366.6296010879141 0.31 3 0 65
168 15 3 167 3/2 6549.9444016318712 0.87 2 0 70
169 15 4 168 4/5 5239.9555213054973 0.81 2 0 41
174 15 9 162 1/5 409.37152510199201 0.63 1 1 25
184 16 8 161 4/3 7277.7160018131908 0.09 3 1 49
194 17 7 149 5/8 1364.5717503399733 0.96 1 0 69
196 17 9 184 3/8 2729.1435006799466 0.12 2 0 56
199 18 1 143 1/6 363.88580009065959 0.05 1 0 74
201 18 3 167 1/4 1091.6574002719785 0.38 1 0 27
202 18 4 201 3/2 1637.4861004079678 0.64 2 0 45
203 18 5 202 2/3 1091.6574002719785 0.77 3 0 64
211 19 2 199 4/5 291.10864007252769 0.68 1 0 6
216 19 7 149 16/5 6986.6073617406628 0.60 2 0 31
219 19 10 196 1/3 909.71450022664885 0.97 1 1 36
221 20 1 143 5/16 682.28587516998675 0.16 5 0 24
223 20 3 211 4/1 1164.4345602901108 0.58 3 0 64
228 20 8 216 8/5 11178.571778785061 0.34 2 0 21
229 20 9 228 2/5 4471.4287115140241 0.47 1 0 69
231 21 0 219 1/1 909.71450022664885 0.15 1 0 8
233 21 2 221 3/8 255.85720318874502 0.79 2 0 97
235 21 4 223 1/1 1164.4345602901108 0.57 1 0 69
237 21 6 203 4/3 1455.5432003626379 0.12 1 0 89
241 21 10 229 16/5 14308.571876844879 0.35 2 0 74
247 22 5 235 3/1 3493.3036808703323 0.85 1 1 47
249 22 7 237 4/1 5822.1728014505516 0.88 1 0 31
251 22 9 228 4/5 8942.8574230280483 0.73 1 0 83
253 23 0 241 5/8 8942.8574230280501 0.56 3 0 44
257 23 4 223 1/4 291.10864007252769 0.27 1 1 45
259 23 6 247 5/4 4366.629601087915 0.92 2 0 34
261 23 8 249 5/2 14555.432003626378 0.41 1 1 71
266 24 2 221 5/2 1705.7146879249669 0.28 2 1 48
267 24 3 266 2/1 3411.4293758499339 0.28 3 0 83
269 24 5 257 4/5 232.88691205802218 0.77 2 0 60
271 24 7 259 3/1 13099.888803263744 0.85 3 0 12
273 24 9 261 2/3 9703.6213357509187 0.71 3 1 90
274 24 10 273 1/1 9703.6213357509187 0.05 7 0 55
279 25 4 267 1/2 1705.7146879249669 0.86 11 0 64
283 25 8 271 2/5 5239.9555213054982 0.26 3 1 1
287 26 1 253 1/6 1490.4762371713416 0.64 7 0 73
292 26 6 269 3/4 174.66518404351663 0.43 5 1 38
297 27 0 274 1/1 9703.6213357509187 0.03 2 0 47
299 27 2 287 3/8 558.92858893925313 0.32 3 0 71
302 27 5 279 6/1 10234.288127549802 0.59 2 1 31
311 28 3 299 3/8 209.59822085221992 0.01 2 0 15
315 28 7 292 2/3 116.44345602901109 0.95 7 0 61
317 28 9 283 5/16 1637.4861004079683 0.27 3 0 73
327 29 8 315 8/3 310.51588274402957 0.14 5 1 29
330 30 0 274 1/5 1940.7242671501838 0.76 3 0 13
335 30 5 279 5/1 8528.5734396248354 0.82 7 1 66
343 31 2 287 3/8 558.92858893925313 0.50 7 1 17
344 31 3 343 1/1 558.92858893925313 0.06 11 0 77
358 32 6 335 1/1 8528.5734396248354 0.26 2 0 38
361 32 9 327 2/5 124.20635309761184 0.45 5 0 18
362 32 10 361 3/2 186.30952964641776 0.92 7 0 15
374 34 0 362 4/5 149.0476237171342 0.08 7 1 40
375 34 1 374 4/3 198.73016495617892 0.01 1 1 26
391 35 6 335 5/8 5330.3583997655223 0.84 11 1 18
393 35 8 315 5/4 145.55432003626385 0.38 7 0 94
397 36 1 374 1/2 74.5238118585671 0.17 11 0 26
403 36 7 391 3/4 3997.7687998241418 0.05 5 0 89
411 37 4 344 6/1 3353.5715336355188 0.70 1 0 34
423 38 5 411 1/4 838.3928834088797 0.67 1 1 95
427 38 9 393 5/4 181.94290004532979 0.38 2 1 21
431 39 2 397 4/1 298.0952474342684 0.18 1 1 20
433 39 4 344 5/8 349.33036808703321 0.44 11 1 68
445 40 5 433 5/8 218.33148005439574 0.15 2 1 96
450 40 10 427 1/3 60.647633348443264 0.75 1 1 0
453 41 2 397 8/5 119.23809897370737 1.00 23 1 48
460 41 9 393 5/8 90.971450022664897 0.38 2 1 94
462 42 0 450 5/4 75.80954168555408 0.02 1 1 40
469 42 7 391 1/6 888.39306662758702 0.47 2 1 25
472 42 10 460 4/1 363.88580009065959 0.79 2 1 80
476 43 3 453 4/5 95.390479178965904 0.46 17 0 56
478 43 5 433 1/5 69.866073617406641 0.56 3 0 34
481 43 8 469 2/1 1776.786133255174 0.56 17 1 18
484 44 0 472 2/1 727.77160018131917 0.95 23 1 47
493 44 9 481 3/4 1332.5895999413806 0.72 7 1 23
502 45 7 391 3/8 1998.8843999120709 0.47 17 1 25
505 45 10 493 2/1 2665.1791998827612 0.97 2 1 8
522 47 5 433 2/1 698.66073617406641 0.48 7 1 56
523 47 6 522 5/2 1746.6518404351659 0.20 3 1 71
529 48 1 484 16/5 2328.8691205802215 0.12 29 1 36
538 48 10 493 5/1 6662.9479997069029 0.93 17 1 93
565 51 4 476 3/4 71.542859384224428 0.44 1 1 55
567 51 6 522 5/4 873.32592021758296 0.78 29 1 90
581 52 9 481 5/8 1110.4913332844837 0.46 11 1 74
587 53 4 476 3/1 286.17143753689771 0.48 2 1 17
610 55 5 587 4/1 1144.6857501475909 0.75 3 1 79
620 56 4 476 16/5 305.24953337269091 0.71 29 1 96
654 59 5 620 5/8 190.78095835793181 0.00 5 1 31
674 61 3 453 5/2 298.0952474342684 0.39 13 1 89
679 61 8 502 5/4 2498.6054998900886 0.13 29 1 17
700 63 7 567 16/5 2794.6429446962657 0.07 13 1 18
713 64 9 679 8/5 3997.7687998241418 0.52 3 1 60
717 65 2 529 5/2 5822.1728014505534 0.41 7 1 55
720 65 5 620 1/4 76.312383343172726 0.49 23 1 44
736 66 10 713 4/1 15991.075199296567 0.06 7 1 31
748 68 0 736 2/3 10660.716799531045 0.54 17 1 91
757 68 9 679 5/8 1561.6284374313054 0.08 11 1 61
805 73 2 529 5/8 1455.5432003626383 0.97 1 1 56
824 74 10 757 3/1 4684.8853122939163 0.32 29 1 98
827 75 2 529 3/2 3493.3036808703323 0.82 1 1 6
828 75 3 827 4/5 2794.6429446962661 0.17 7 1 17
849 77 2 529 3/2 3493.3036808703323 0.49 23 1 51
854 77 7 567 6/1 5239.9555213054973 0.39 3 1 3
859 78 1 748 3/2 15991.075199296567 0.22 13 1 37
889 80 9 679 3/1 7495.8164996702653 0.72 3 1 83
897 81 6 720 5/1 381.56191671586362 0.38 13 1 32
898 81 7 897 5/2 953.90479178965904 0.64 7 1 23
916 83 3 849 1/4 873.32592021758308 0.51 11 1 98
933 84 9 679 3/1 7495.8164996702653 0.78 17 1 0
946 86 0 824 2/1 9369.7706245878326 0.66 17 1 77
950 86 4 916 5/4 1091.6574002719788 0.27 5 1 29
984 89 5 950 1/2 545.82870013598938 0.83 1 1 26
986 89 7 897 16/5 1220.9981334907636 0.45 29 1 90
1006 91 5 950 6/1 6549.9444016318721 1.00 1 1 9
1009 91 8 986 5/1 6104.9906674538179 0.09 7 1 3
1013 92 1 946 5/16 2928.0533201836979 0.33 23 1 45
1016 92 4 916 1/5 174.66518404351663 0.53 3 1 81
1028 93 5 1016 8/5 279.46429446962662 1.00 2 1 44
1048 95 3 849 1/5 698.66073617406653 0.84 11 1 85
1051 95 6 1028 16/5 894.28574230280526 0.93 11 1 8
1060 96 4 1048 5/8 436.66296010879159 0.11 3 1 0
1061 96 5 1060 4/1 1746.6518404351664 0.70 1 1 70
1083 98 5 1060 5/8 272.91435006799475 0.82 23 1 27
1097 99 8 986 8/5 1953.5970135852219 0.79 3 1 37
1104 100 4 1048 6/1 4191.9644170443989 0.75 11 1 75
1113 101 2 1013 4/1 11712.213280734792 0.46 17 1 49
1131 102 9 1097 5/4 2441.9962669815272 0.09 2 1 62
1141 103 8 986 1/2 610.49906674538181 0.52 31 1 59
1144 104 0 824 1/2 2342.4426561469581 0.30 17 1 42
1154 104 10 1131 4/3 3255.995022642036 0.17 23 1 23
1164 105 9 1141 5/4 763.12383343172723 0.70 7 1 38
1180 107 3 1113 1/6 1952.0355467891318 0.20 23 1 81
1183 107 6 1083 6/1 1637.4861004079685 0.29 23 1 49
1236 112 4 1180 3/8 732.01333004592448 0.24 23 1 2
1252 113 9 1141 1/1 610.49906674538181 0.02 2 1 90
1277 116 1 1144 4/3 3123.2568748626109 0.65 29 1 33
1285 116 9 1141 8/3 1627.997511321018 0.02 23 1 41
1311 119 2 1277 4/3 4164.3424998168139 0.89 17 1 60
1316 119 7 1183 8/5 2619.9777606527496 0.88 3 1 84
1342 122 0 1154 16/5 10419.184072454516 0.24 7 1 71
1347 122 5 1236 2/5 292.80533201836982 0.87 7 0 93
1360 123 7 1183 5/8 1023.4288127549803 0.85 31 0 52
1418 128 10 1285 16/5 5209.5920362272582 0.68 31 1 29
1430 130 0 1418 3/4 3907.1940271704434 0.33 17 0 1
1435 130 5 1236 2/3 488.00888669728295 0.24 11 1 40
1444 131 3 1311 16/5 13325.895999413806 0.25 1 0 93
1447 131 6 1435 1/1 488.00888669728295 0.90 7 1 41
1466 133 3 1311 2/5 1665.7369999267257 0.63 1 0 88
1488 135 3 1311 2/5 1665.7369999267257 0.41 2 0 67
1493 135 8 1360 6/1 6140.5728765298818 0.60 29 1 3
1500 136 4 1488 1/3 555.24566664224187 0.99 1 1 23
1509 137 2 1277 4/5 2498.605499890089 0.07 29 1 94
1521 138 3 1509 5/2 6246.5137497252226 0.39 1 0 1
1522 138 4 1521 1/4 1561.6284374313057 0.45 17 1 44
1535 139 6 1435 5/4 610.01110837160365 0.47 5 1 58
1543 140 3 1509 5/4 3123.2568748626113 0.18 1 0 50
1549 140 9 1493 1/3 2046.8576255099606 0.41 5 0 4
1565 142 3 1509 3/1 7495.8164996702671 0.09 5 0 78
1567 142 5 1522 5/16 488.008886697283 0.30 5 0 78
1601 145 6 1567 2/3 325.33925779818867 0.85 5 0 75
1607 146 1 1430 2/5 1562.8776108681775 0.28 11 0 39
1615 146 9 1493 1/3 2046.8576255099606 0.29 2 0 61
1628 148 0 1418 3/4 3907.1940271704434 0.37 3 1 35
1631 148 3 1509 1/4 624.65137497252226 0.89 11 0 26
1633 148 5 1522 5/8 976.01777339456601 0.25 3 0 0
1648 149 9 1493 4/3 8187.4305020398424 0.25 5 0 82
1667 151 6 1633 8/5 1561.6284374313057 0.79 3 0 92
1672 152 0 1418 1/5 1041.9184072454516 0.30 3 1 4
1677 152 5 1522 4/3 2082.1712499084074 0.85 3 1 23
1711 155 6 1677 8/5 3331.4739998534519 0.85 11 0 80
1712 155 7 1711 3/2 4997.2109997801781 0.58 11 0 63
1714 155 9 1493 3/2 9210.8593147948231 0.92 3 0 73
1716 156 0 1418 3/1 15628.776108681774 0.64 5 0 89
1720 156 4 1631 1/5 124.93027499450446 0.82 11 0 0
1721 156 5 1720 4/1 499.72109997801783 0.77 3 0 39
1739 158 1 1716 3/8 5860.7910407556647 0.33 7 0 97
1758 159 9 1493 5/16 1918.929023915588 0.57 2 1 39
1763 160 3 1509 1/4 624.65137497252226 0.21 11 0 79
1765 160 5 1720 4/3 166.5736999926726 0.33 7 0 89
1770 160 10 1758 1/5 383.78580478311761 0.73 2 0 1
1782 162 0 1770 2/5 153.51432191324704 0.06 1 0 30
1791 162 9 1493 8/5 9824.9166024478109 0.88 2 0 0
1803 163 10 1791 2/3 6549.9444016318739 0.23 2 0 68
1804 164 0 1803 5/4 8187.4305020398424 0.52 1 0 53
1823 165 8 1712 5/4 6246.5137497252226 0.44 1 0 80
1824 165 9 1823 2/5 2498.605499890089 0.81 2 0 86
1826 166 0 1803 2/5 2619.9777606527496 0.95 1 0 63
1827 166 1 1826 5/16 818.74305020398424 0.50 3 0 50
1836 166 10 1824 1/3 832.86849996336298 0.54 2 0 87
1839 167 2 1827 3/1 2456.2291506119527 0.64 2 0 86
1843 167 6 1765 1/2 83.286849996336301 0.34 1 1 63
1844 167 7 1843 4/1 333.1473999853452 0.74 2 0 52
1845 167 8 1844 5/4 416.43424998168149 0.19 2 0 85
1848 168 0 1836 8/5 1332.5895999413808 0.48 3 0 5
1852 168 4 1763 2/5 249.86054998900892 0.90 1 0 85
1853 168 5 1852 5/2 624.65137497252226 0.31 1 0 25
1857 168 9 1845 3/8 156.16284374313057 0.03 1 0 7
1865 169 6 1853 4/3 832.86849996336298 0.14 3 0 10
1869 169 10 1857 5/8 97.601777339456603 0.23 2 1 68
