# Reference tone list for the v10 rules with the Linux generator, seed 1654607101, 200 cycles.
# NOT the 2022 tune of that seed: legacy/examples/out_1654607101_3440_200.ogg was made with the Apple generator,
# which the new program does not have. This list is the v10 rules run with the Linux (glibc) generator;
# no recording of it exists.
# Produced by the code in legacy/ (harmonics.c, harmonics-util.c, harmonics-dingdong.c) with v10_trace.patch applied:
#     ./harmonics_trace 1654607101 200 3440     (srand(1654607101), glibc rand(), totalSongTime = 200, binsPerSlot = 3440)
#     python3 trace_to_tones.py events.txt 200
# The traced program's out.wav is byte for byte the out.wav of the unpatched source given the same seed, cycles and binsPerSlot.
# Covers cycles 0..169 (ticks 0..1869): everything before the end phase. 187 tones; the last one starts at tick 1861.
# The first tone (324.9 Hz) lies inside 100..3000 Hz. There is always a counted tone, so every tone has a level draw.
# A new composer given the same rules, generator, seed and cycles must reproduce this list exactly.
#
# tick     slot boundary index; cycle = tick / 11, slot = tick % 11
# parent   tick at which the tone it derives from was created (the tone then occupying the previous slot)
# ratio    exact frequency ratio to the parent tone
# freq_hz  resulting frequency (a double-precision number, 17 significant digits)
# pan      0 = left .. 1 = right
# reps     repetition count N: struck N+1 times, once per cycle, at gain N/N, (N-1)/N, .. 0/N
# level    the tone's own volume, above 0 and at most 1 (the first tone: 0.7), written with the fewest digits
#          that read back as the same number. A tone is a counted tone if its level is above 0.69.
# jitter   raw 0..99 draw; the 2011 sound uses it for the vibrato period, 18000 * (1 + 0.001 * jitter)
#          samples at 44.1 kHz ('-' = no draw, 18000)
#
# tick cycle slot parent ratio freq_hz pan reps level jitter
0 0 0 - - 324.93505108290441 0.09 3 0.7 -
1 0 1 0 5/1 1624.6752554145221 0.16 3 0.20270270270270271 90
2 0 2 1 3/2 2437.012883121783 1.00 3 0.1744186046511628 41
3 0 3 2 2/5 974.80515324871328 0.57 3 0.1271186440677966 19
4 0 4 3 2/1 1949.6103064974266 0.07 2 0.0797872340425532 44
5 0 5 4 1/5 389.92206129948534 0.97 3 0.19230769230769232 56
6 0 6 5 5/1 1949.6103064974268 0.90 3 0.11538461538461539 67
7 0 7 6 1/4 487.4025766243567 0.22 1 0.2777777777777778 8
8 0 8 7 1/4 121.85064415608917 0.77 2 0.13636363636363635 11
9 0 9 8 5/4 152.31330519511147 0.17 1 0.5769230769230769 69
10 0 10 9 3/2 228.4699577926672 0.27 3 1 55
29 2 7 6 5/4 2437.0128831217835 0.72 2 0.24431282248851213 88
31 2 9 8 5/1 609.25322078044587 0.83 3 0.4629085057677072 27
37 3 4 3 2/5 389.92206129948534 0.92 5 0.1554128414585103 46
41 3 8 29 1/5 487.4025766243567 0.61 5 1 28
44 4 0 10 1/1 228.4699577926672 0.10 7 0.6035184876393683 32
45 4 1 44 1/1 228.4699577926672 0.53 5 0.1377596547872471 86
46 4 2 45 3/2 342.70493668900082 0.77 3 0.3249714933442752 61
47 4 3 46 3/8 128.51435125837531 0.18 1 0.2534777648085347 42
49 4 5 37 3/8 146.22077298730699 0.43 2 0.12673888240426734 74
50 4 6 49 3/4 109.66557974048024 0.78 2 0.39605900751333545 9
54 4 10 31 16/5 1949.6103064974268 0.05 3 0.21481166509197855 15
62 5 7 50 5/2 274.16394935120059 0.37 1 1 40
69 6 3 46 5/1 1713.524683445004 0.75 3 0.21720960066117512 15
75 6 9 41 2/1 974.8051532487134 0.39 2 0.26921753321385083 16
82 7 5 37 4/3 519.89608173264708 0.14 3 0.8624026735114738 50
83 7 6 82 2/3 346.5973878217647 0.42 7 0.5544017186859475 52
84 7 7 83 16/5 1109.111641029647 0.24 2 1 11
90 8 2 45 4/1 913.87983117066881 0.49 2 1 28
98 8 10 75 8/5 1559.6882451979416 0.23 1 0.3265271866480935 71
103 9 4 69 8/5 2741.6394935120065 0.96 2 0.7975526979000882 75
107 9 8 84 4/3 1478.8155213728626 0.99 1 1 2
108 9 9 107 3/8 554.55582051482349 0.57 11 1 95
111 10 1 44 3/4 171.35246834450041 0.35 11 0.9191863427528277 5
113 10 3 90 3/2 1370.8197467560033 0.73 3 0.4543104912456505 34
117 10 7 83 2/1 693.1947756435294 0.78 17 1 97
120 10 10 108 8/3 1478.8155213728626 0.61 17 0.45959317137641387 42
123 11 2 111 1/1 171.35246834450041 0.44 1 0.549481016316334 22
126 11 5 103 1/3 913.87983117066881 0.79 11 1 66
129 11 8 117 8/5 1109.111641029647 0.65 5 0.5072132458304621 37
132 12 0 120 1/5 295.76310427457253 0.10 5 0.6355026908029542 60
136 12 4 113 3/8 514.05740503350125 0.57 11 1 75
145 13 2 111 1/1 171.35246834450041 0.54 2 1 13
157 14 3 145 3/2 257.02870251675063 0.32 7 1 3
171 15 6 126 8/5 1462.2077298730701 0.61 19 1 68
178 16 2 111 2/3 114.2349788963336 0.64 2 1 72
195 17 8 117 4/1 2772.7791025741176 0.40 11 1 14
198 18 0 120 1/1 1478.8155213728626 0.25 7 1 13
211 19 2 111 2/3 114.2349788963336 0.85 23 1 58
240 21 9 195 3/4 2079.5843269305883 0.90 17 1 95
243 22 1 198 2/1 2957.6310427457252 0.93 2 1 79
245 22 3 211 6/1 685.40987337800163 0.29 19 1 32
258 23 5 136 3/1 1542.1722151005038 0.85 1 1 2
268 24 4 245 2/5 274.16394935120064 0.97 3 1 59
276 25 1 198 1/1 1478.8155213728626 0.20 2 1 23
280 25 5 268 5/4 342.70493668900082 0.66 2 1 27
286 26 0 120 2/5 591.52620854914505 0.81 1 1 28
308 28 0 120 1/3 492.93850712428753 0.61 11 1 79
309 28 1 308 4/3 657.25134283238333 0.04 1 1 42
312 28 4 245 1/6 114.2349788963336 0.48 2 1 12
313 28 5 312 5/4 142.79372362041701 0.77 23 1 11
315 28 7 171 3/8 548.32789870240128 0.55 5 1 26
318 28 10 240 5/16 649.87010216580882 0.27 1 1 67
327 29 8 315 1/1 548.32789870240128 0.24 11 1 55
331 30 1 308 1/3 164.31283570809583 0.15 11 1 88
340 30 10 240 3/8 779.84412259897067 0.03 3 1 53
345 31 4 245 3/2 1028.1148100670025 0.83 11 1 30
381 34 7 171 5/4 1827.7596623413376 0.57 11 1 94
384 34 10 240 2/3 1386.3895512870588 0.03 3 1 28
391 35 6 313 3/4 107.09529271531275 0.14 19 1 99
428 38 10 240 1/2 1039.7921634652942 0.34 2 1 94
438 39 9 327 8/3 1462.2077298730701 0.67 23 1 42
440 40 0 428 4/5 831.83373077223541 0.44 2 1 98
459 41 8 381 3/4 1370.8197467560033 0.15 11 1 53
461 41 10 438 3/4 1096.6557974048026 0.65 3 1 95
463 42 1 440 5/16 259.94804086632359 0.16 19 1 8
465 42 3 211 3/2 171.35246834450041 0.98 11 1 92
473 43 0 461 1/5 219.33115948096054 0.04 3 1 93
475 43 2 463 6/1 1559.6882451979416 0.02 7 1 94
477 43 4 465 8/5 274.16394935120064 0.01 29 1 16
505 45 10 438 5/4 1827.7596623413376 0.69 17 1 81
513 46 7 391 8/3 285.58744724083397 0.93 5 1 59
517 47 0 505 5/4 2284.6995779266722 0.24 23 1 7
563 51 2 463 5/1 1299.7402043316179 0.97 7 1 52
577 52 5 477 5/8 171.35246834450041 0.44 3 1 75
579 52 7 391 3/2 160.64293907296911 0.16 3 1 55
591 53 8 579 16/5 514.05740503350114 0.45 19 1 76
597 54 3 563 4/3 1732.9869391088237 0.93 7 1 9
611 55 6 577 3/1 514.05740503350125 0.05 17 1 48
621 56 5 477 8/5 438.66231896192107 0.34 2 1 99
623 56 7 611 5/4 642.57175629187657 0.68 11 1 19
651 59 2 463 3/2 389.92206129948539 0.83 23 1 94
654 59 5 477 3/1 822.49184805360187 0.83 17 1 78
683 62 1 517 2/3 1523.1330519511148 0.98 3 1 68
685 62 3 651 6/1 2339.5323677969122 0.30 13 1 47
702 63 9 591 2/5 205.62296201340047 0.95 1 1 14
703 63 10 702 5/1 1028.1148100670023 0.68 7 1 20
724 65 9 591 1/2 257.02870251675057 0.45 3 1 36
727 66 1 517 5/4 2855.8744724083404 0.55 19 1 47
755 68 7 611 3/4 385.54305377512594 0.11 5 1 35
768 69 9 591 4/1 2056.2296201340046 0.83 2 1 6
781 71 0 703 5/16 321.28587814593823 0.26 5 1 26
791 71 10 768 1/4 514.05740503350114 0.06 3 1 31
801 72 9 591 3/1 1542.1722151005033 0.20 17 1 11
807 73 4 685 3/4 1754.6492758476843 0.29 23 1 19
809 73 6 654 16/5 2631.973913771526 0.84 5 1 62
811 73 8 755 8/5 616.86888604020157 0.64 11 1 35
821 74 7 809 4/5 2105.5791310172208 0.45 1 1 48
835 75 10 801 5/8 963.85763443781457 0.07 7 1 58
839 76 3 651 5/16 121.85064415608919 0.37 3 1 69
843 76 7 809 4/5 2105.5791310172208 0.28 1 1 20
847 77 0 835 1/3 321.28587814593817 0.15 19 1 96
852 77 5 807 3/8 657.99347844288161 0.30 19 1 72
865 78 7 809 3/4 1973.9804353286445 0.38 23 1 70
875 79 6 852 2/3 438.66231896192107 1.00 19 1 92
883 80 3 651 2/5 155.96882451979417 0.73 3 1 12
915 83 2 727 3/4 2141.9058543062552 0.46 19 1 35
923 83 10 801 5/16 481.92881721890728 0.61 13 1 88
927 84 3 915 5/8 1338.6911589414094 0.27 7 1 56
943 85 8 865 1/5 394.7960870657289 0.25 29 1 1
947 86 1 847 3/4 240.96440860945364 0.56 5 1 75
999 90 9 943 3/2 592.19413059859335 0.71 23 1 46
1013 92 1 847 2/3 214.19058543062545 0.17 19 1 74
1015 92 3 915 1/3 713.96861810208497 0.66 17 1 44
1067 97 0 923 1/3 160.64293907296909 0.71 5 1 15
1071 97 4 1015 5/16 223.11519315690157 0.25 5 1 39
1072 97 5 1071 4/5 178.49215452552127 0.71 1 1 30
1077 97 10 999 5/2 1480.4853264964834 0.55 7 1 76
1094 99 5 1071 6/1 1338.6911589414094 0.46 2 1 68
1095 99 6 1094 1/2 669.34557947070471 0.05 23 1 45
1127 102 5 1071 5/4 278.89399144612696 0.92 2 1 56
1129 102 7 1095 8/3 1784.9215452552125 0.99 29 1 49
1133 103 0 1077 1/1 1480.4853264964834 0.97 1 1 3
1135 103 2 1013 3/4 160.64293907296909 0.23 29 1 72
1137 103 4 1015 3/2 1070.9529271531273 0.30 19 1 62
1155 105 0 1077 1/6 246.74755441608056 0.55 7 1 65
1160 105 5 1137 5/16 334.6727897353523 0.97 29 1 2
1165 105 10 999 1/3 197.39804353286445 0.73 7 1 64
1213 110 3 1135 1/1 160.64293907296909 0.25 7 1 68
1233 112 1 1155 3/4 185.06066581206042 0.80 17 1 49
1243 113 0 1165 8/3 526.3947827543052 0.18 7 1 99
1253 113 10 999 2/1 1184.3882611971867 0.58 11 1 45
1263 114 9 943 3/4 296.09706529929667 0.04 23 1 30
1273 115 8 1129 4/5 1427.9372362041702 0.30 13 1 60
1301 118 3 1135 1/1 160.64293907296909 0.94 1 1 15
1323 120 3 1135 5/8 100.40183692060567 0.61 5 1 70
1331 121 0 1253 2/3 789.5921741314578 0.59 7 1 27
1357 123 4 1323 8/3 267.73823178828178 0.58 19 1 97
1359 123 6 1160 3/1 1004.0183692060568 0.40 23 1 85
1385 125 10 1263 8/3 789.5921741314578 0.07 17 1 29
1389 126 3 1135 4/3 214.19058543062545 0.75 1 1 81
1411 128 3 1135 3/2 240.96440860945364 0.80 13 1 95
1419 129 0 1385 3/4 592.19413059859335 0.77 5 1 94
1427 129 8 1129 4/3 2379.8953936736166 0.88 23 1 76
1431 130 1 1419 4/1 2368.7765223943734 0.72 23 1 91
1459 132 7 1359 5/2 2510.0459230151419 0.94 5 1 5
1465 133 2 1431 1/6 394.7960870657289 0.46 7 1 10
1485 135 0 1385 5/16 246.74755441608056 0.60 13 1 87
1490 135 5 1357 2/3 178.49215452552119 0.80 2 1 17
1523 138 5 1357 3/4 200.80367384121132 0.15 2 1 5
1525 138 7 1359 3/8 376.50688845227131 0.34 7 1 70
1527 138 9 1427 5/16 743.71731052300515 0.39 5 1 32
1553 141 2 1431 3/4 1776.58239179578 0.12 17 1 70
1556 141 5 1357 3/2 401.60734768242264 0.28 17 1 30
1565 142 3 1553 1/2 888.29119589789002 0.82 19 1 39
1577 143 4 1565 3/1 2664.8735876936698 0.83 11 1 31
1583 143 10 1527 2/3 495.81154034867006 0.49 7 1 2
1593 144 9 1427 5/8 1487.4346210460103 0.16 3 1 75
1613 146 7 1359 2/1 2008.0367384121137 0.48 23 1 28
1623 147 6 1556 5/1 2008.0367384121132 0.02 13 1 8
1637 148 9 1427 1/6 396.6492322789361 0.93 3 1 15
1639 149 0 1583 2/5 198.32461613946805 0.21 11 1 83
1671 151 10 1637 5/1 1983.2461613946805 0.89 23 1 36
1681 152 9 1427 3/4 1784.9215452552125 0.17 19 1 10
1691 153 8 1613 5/8 1255.0229615075709 0.67 17 0.9672310832528751 48
1695 154 1 1639 6/1 1189.9476968368083 0.91 23 1 75
1709 155 4 1565 8/3 2368.7765223943734 0.99 17 1 48
1751 159 2 1695 5/4 1487.4346210460103 0.56 7 1 92
1754 159 5 1709 1/4 592.19413059859335 0.39 11 1 50
1771 161 0 1671 1/6 330.54102689911338 0.27 2 0.4191244485333752 10
1777 161 6 1754 4/1 2368.7765223943734 0.25 3 1 23
1785 162 3 1751 1/1 1487.4346210460103 0.16 3 0.3946588505899976 17
1804 164 0 1671 1/1 1983.2461613946805 0.40 29 0.1557581997745514 63
1821 165 6 1754 3/4 444.14559794894501 0.73 29 0.12801907313562422 87
1829 166 3 1751 2/3 991.62308069734013 0.13 3 0.14875229111028831 20
1839 167 2 1695 1/2 594.97384841840415 0.19 1 0.41882198140887744 27
1861 169 2 1695 1/5 237.98953936736166 0.56 3 0.0949367088607595 83
