# Reference tone list for the v10 rules with the Linux generator, seed 1655110280, 200 cycles.
# NOT the 2022 tune of that seed: legacy/examples/out_1655110280_5500_200.ogg was made with the Apple generator,
# which the new program does not have. This list is the v10 rules run with the Linux (glibc) generator;
# no recording of it exists.
# Produced by the code in legacy/ (harmonics.c, harmonics-util.c, harmonics-dingdong.c) with v10_trace.patch applied:
#     ./harmonics_trace 1655110280 200 3440     (srand(1655110280), glibc rand(), totalSongTime = 200, binsPerSlot = 3440)
#     python3 trace_to_tones.py events.txt 200
# The traced program's out.wav is byte for byte the out.wav of the unpatched source given the same seed, cycles and binsPerSlot.
# Covers cycles 0..169 (ticks 0..1869): everything before the end phase. 201 tones; the last one starts at tick 1852.
# This seed was added because it reaches the one branch the other two v10 lists never take: at tick 24 no
# tone is counted (d = 0), so that tone gets level 0.7 WITHOUT a level draw, and its repetition draw is modulo 2.
# A new composer given the same rules, generator, seed and cycles must reproduce this list exactly.
#
# tick     slot boundary index; cycle = tick / 11, slot = tick % 11
# parent   tick at which the tone it derives from was created (the tone then occupying the previous slot)
# ratio    exact frequency ratio to the parent tone
# freq_hz  resulting frequency (a double-precision number, 17 significant digits)
# pan      0 = left .. 1 = right
# reps     repetition count N: struck N+1 times, once per cycle, at gain N/N, (N-1)/N, .. 0/N
# level    the tone's own volume, above 0 and at most 1 (the first tone: 0.7), written with the fewest digits
#          that read back as the same number. A tone is a counted tone if its level is above 0.69.
# jitter   raw 0..99 draw; the 2011 sound uses it for the vibrato period, 18000 * (1 + 0.001 * jitter)
#          samples at 44.1 kHz ('-' = no draw, 18000)
#
# tick cycle slot parent ratio freq_hz pan reps level jitter
0 0 0 - - 2217.9447802956674 0.82 1 0.7 -
1 0 1 0 3/4 1663.4585852217506 0.86 2 0.08241758241758242 40
2 0 2 1 5/16 519.830807881797 0.47 1 0.08241758241758242 75
3 0 3 2 5/8 324.89425492612315 0.64 3 0.10416666666666667 78
4 0 4 3 3/2 487.34138238918473 0.45 3 0.07894736842105263 71
5 0 5 4 3/8 182.75301839594428 0.46 1 0.24193548387096775 51
6 0 6 5 8/3 487.34138238918473 0.58 1 0.14705882352941177 34
7 0 7 6 8/3 1299.5770197044926 0.91 2 0.0797872340425532 18
8 0 8 7 8/5 2079.3232315271885 0.16 3 0.14423076923076922 67
9 0 9 8 4/5 1663.4585852217508 0.44 3 0.19736842105263158 32
10 0 10 9 5/8 1039.6616157635942 0.67 1 0.11538461538461539 68
22 2 0 10 5/16 324.89425492612321 0.96 1 0.09161730843319205 35
24 2 2 1 2/3 1108.9723901478337 0.06 1 0.7 11
27 2 5 4 4/5 389.87310591134781 0.14 1 0.3997846186175653 55
28 2 6 27 2/5 155.94924236453915 0.50 3 0.21451857584357162 24
32 2 10 9 1/2 831.7292926108754 0.25 1 0.1204830357477594 51
34 3 1 22 4/3 433.19233990149758 0.17 1 1 97
40 3 7 28 4/5 124.75939389163132 0.25 3 0.5206330188860095 62
44 4 0 32 4/3 1108.9723901478337 0.74 5 0.2112314706737789 81
46 4 2 34 16/5 1386.2154876847924 0.58 3 0.15646775605465105 44
47 4 3 46 3/8 519.83080788179711 0.67 3 1 24
48 4 4 47 2/5 207.93232315271885 0.20 3 0.13201966917111183 21
49 4 5 48 16/5 665.38343408870037 0.29 2 0.17126876000576668 40
52 4 8 40 3/1 374.27818167489397 0.84 5 0.7041049022459297 31
53 4 9 52 5/16 116.96193177340436 0.74 3 1 88
54 4 10 53 1/1 116.96193177340436 0.07 2 0.13482859830241206 55
56 5 1 44 2/1 2217.9447802956674 0.29 2 0.18111418578436098 35
72 6 6 49 1/4 166.34585852217509 1.00 1 0.3185740809697235 45
82 7 5 48 5/8 129.95770197044928 0.38 2 0.6127597943370998 35
84 7 7 72 1/1 166.34585852217509 0.43 2 0.2947452175292379 57
87 7 10 53 1/1 116.96193177340436 0.56 1 0.4477860035540345 41
89 8 1 44 8/3 2957.2597070608899 0.28 3 1 60
90 8 2 89 2/5 1182.9038828243561 0.59 5 0.342455342094342 7
91 8 3 90 5/16 369.65746338261124 0.36 1 0.29251393803891707 65
92 8 4 91 1/1 369.65746338261124 0.06 3 1 90
94 8 6 82 3/1 389.87310591134781 0.24 7 0.42547481896569755 65
97 8 9 52 4/1 1497.1127266995759 0.88 3 1 82
109 9 10 97 4/3 1996.1503022661011 0.05 5 0.5075335350273289 91
110 10 0 109 1/1 1996.1503022661011 0.90 2 0.5067309325432255 55
113 10 3 90 3/4 887.17791211826705 0.32 1 0.4296197036779521 22
115 10 5 92 16/5 1182.9038828243561 0.96 7 0.6175783240370561 88
117 10 7 94 4/3 519.830807881797 0.86 2 0.4391668082041288 39
118 10 8 117 5/16 162.44712746306158 0.47 2 0.9410717318659904 77
133 12 1 110 5/16 623.79696945815658 0.98 2 1 11
135 12 3 90 2/3 788.60258854957067 0.91 3 1 99
136 12 4 135 3/8 295.72597070608902 0.93 13 1 5
141 12 9 118 5/4 203.05890932882699 0.05 7 1 42
143 13 0 109 1/6 332.69171704435018 0.18 5 1 20
150 13 7 94 5/16 121.8353455972962 0.61 7 1 94
151 13 8 150 1/1 121.8353455972962 0.25 19 1 97
156 14 2 133 1/3 207.93232315271885 0.71 3 0.9402215774194392 2
166 15 1 143 1/2 166.34585852217509 0.48 7 1 51
175 15 10 141 4/5 162.44712746306161 0.78 2 1 86
179 16 3 156 2/3 138.62154876847922 0.89 3 1 86
182 16 6 115 5/4 1478.629853530445 0.57 2 1 98
200 18 2 166 4/3 221.79447802956679 0.62 13 1 49
203 18 5 136 8/5 473.16155312974246 0.15 5 1 63
208 18 10 141 2/1 406.11781865765397 0.01 3 1 80
209 19 0 208 5/8 253.82363666103373 0.50 2 1 77
215 19 6 203 3/2 709.74232969461366 0.42 23 1 48
223 20 3 200 4/3 295.72597070608902 0.19 7 1 91
229 20 9 151 4/3 162.44712746306158 0.85 29 1 33
238 21 7 215 8/3 1892.6462125189696 0.23 7 1 35
242 22 0 208 8/5 649.78850985224642 0.89 11 1 68
252 22 10 229 3/2 243.67069119459237 0.42 17 1 10
254 23 1 242 1/6 108.29808497537439 0.88 19 1 57
269 24 5 136 3/1 887.17791211826705 0.25 1 1 84
290 26 4 223 2/5 118.29038828243561 0.80 19 1 78
291 26 5 290 3/2 177.43558242365341 0.17 19 1 55
311 28 3 200 2/3 147.86298535304451 0.12 7 1 92
326 29 7 215 2/3 473.1615531297424 0.40 2 1 99
354 32 2 254 3/1 324.89425492612315 0.34 19 1 76
359 32 7 215 4/5 567.79386375569095 0.74 3 1 11
371 33 8 359 3/8 212.92269890838412 0.72 29 1 14
374 34 0 252 16/5 779.74621182269561 0.42 5 1 29
399 36 3 354 4/5 259.91540394089856 0.72 11 1 38
403 36 7 215 3/2 1064.6134945419205 0.90 2 1 4
436 39 7 215 5/16 221.79447802956676 0.70 3 1 37
440 40 0 252 4/5 194.9365529556739 0.14 29 1 38
450 40 10 229 1/1 162.44712746306158 0.29 1 1 2
472 42 10 229 5/2 406.11781865765397 0.93 23 1 53
474 43 1 440 4/1 779.74621182269561 0.82 7 1 18
479 43 6 291 4/5 141.94846593892274 0.35 11 1 85
480 43 7 479 5/2 354.87116484730683 0.08 3 1 1
510 46 4 399 16/5 831.7292926108754 0.80 29 1 32
511 46 5 510 1/3 277.24309753695843 0.00 17 1 71
524 47 7 479 3/1 425.84539781676824 0.63 17 1 45
531 48 3 354 4/3 433.19233990149752 0.80 7 1 75
559 50 9 371 16/5 681.35263650682919 0.68 3 1 79
562 51 1 440 3/1 584.80965886702165 0.43 17 1 53
574 52 2 562 5/16 182.75301839594425 0.92 5 1 12
603 54 9 371 3/2 319.38404836257621 0.14 17 1 30
611 55 6 511 3/2 415.86464630543765 0.54 1 1 0
619 56 3 574 4/1 731.01207358377701 0.48 17 1 54
633 57 6 511 2/1 554.48619507391686 0.69 5 1 75
640 58 2 562 8/3 1559.492423645391 0.40 1 1 10
662 60 2 562 5/16 182.75301839594425 0.87 7 1 51
699 63 6 511 16/5 887.17791211826705 0.78 11 1 7
701 63 8 524 4/1 1703.381591267073 0.01 1 1 2
709 64 5 510 2/3 554.48619507391686 0.42 13 1 76
722 65 7 699 3/8 332.69171704435013 0.50 19 1 10
723 65 8 722 3/2 499.03757556652522 0.33 5 1 77
736 66 10 603 1/1 319.38404836257621 0.82 1 1 81
750 68 2 562 1/3 194.93655295567387 0.66 19 1 61
758 68 10 603 4/1 1277.5361934503048 0.00 13 1 21
760 69 1 440 1/1 194.9365529556739 0.96 3 1 54
770 70 0 758 1/2 638.76809672515242 0.31 5 1 48
789 71 8 722 8/3 887.17791211826693 0.94 17 1 72
801 72 9 789 2/3 591.45194141217792 0.24 29 1 96
804 73 1 770 3/2 958.15214508772863 0.52 1 1 73
817 74 3 750 2/1 389.87310591134775 0.67 23 1 5
826 75 1 770 5/8 399.23006045322029 0.83 7 1 95
831 75 6 709 2/5 221.79447802956676 0.45 5 1 47
836 76 0 758 4/3 1703.381591267073 0.13 23 1 5
840 76 4 817 3/2 584.80965886702165 0.42 19 1 67
863 78 5 840 2/3 389.87310591134775 0.00 3 1 14
897 81 6 863 3/8 146.20241471675541 0.17 17 1 39
907 82 5 840 5/1 2924.048294335108 0.30 2 1 37
912 82 10 801 16/5 1892.6462125189694 0.30 11 1 33
914 83 1 836 3/4 1277.5361934503048 0.39 1 1 11
936 85 1 836 3/8 638.76809672515242 0.00 17 1 62
940 85 5 840 2/1 1169.6193177340433 0.95 5 1 97
942 85 7 897 1/1 146.20241471675541 0.50 3 1 96
970 88 2 936 4/5 511.01447738012195 0.28 7 1 61
986 89 7 897 8/5 233.92386354680866 0.43 23 1 32
987 89 8 986 8/3 623.79696945815635 0.01 19 1 11
1006 91 5 840 1/1 584.80965886702165 0.51 5 1 51
1044 94 10 801 8/5 946.32310625948469 0.55 23 1 56
1058 96 2 936 2/5 255.50723869006097 0.87 17 1 56
1060 96 4 817 1/2 194.93655295567387 1.00 2 1 53
1072 97 5 1060 5/4 243.67069119459234 0.80 7 1 55
1081 98 3 1058 3/1 766.52171607018295 0.89 23 1 32
1093 99 4 1081 1/2 383.26085803509147 0.86 2 1 99
1095 99 6 1072 5/1 1218.3534559729617 0.68 5 1 40
1100 100 0 1044 2/1 1892.6462125189694 0.75 23 1 68
1126 102 4 1081 1/6 127.75361934503049 0.11 29 1 12
1131 102 9 987 5/4 779.74621182269539 0.22 13 1 45
1134 103 1 1100 4/3 2523.5282833586257 0.16 1 1 24
1156 105 1 1100 2/5 757.05848500758782 0.26 2 1 11
1160 105 5 1126 4/3 170.3381591267073 0.13 19 1 44
1161 105 6 1160 3/2 255.50723869006094 0.81 17 1 35
1189 108 1 1100 1/5 378.52924250379391 0.07 2 1 58
1207 109 8 986 4/3 311.89848472907818 0.25 1 1 53
1222 111 1 1100 3/2 2838.9693187784542 0.26 2 1 73
1229 111 8 986 5/1 1169.6193177340433 0.48 1 1 76
1250 113 7 1161 3/1 766.52171607018283 0.72 13 1 48
1251 113 8 1250 4/5 613.21737285614631 0.31 3 1 24
1255 114 1 1100 2/3 1261.7641416793128 0.23 1 1 3
1256 114 2 1255 4/3 1682.3521889057504 0.42 29 1 2
1277 116 1 1100 5/16 591.45194141217792 0.42 11 1 57
1285 116 9 1251 5/2 1533.0434321403659 0.21 2 1 22
1295 117 8 1250 4/5 613.21737285614631 0.78 3 1 69
1308 118 10 1285 3/2 2299.5651482105486 0.59 13 1 22
1318 119 9 1295 8/3 1635.2463276163901 0.57 19 1 0
1339 121 8 1250 1/4 191.63042901754571 0.09 1 1 69
1345 122 3 1256 4/3 2243.1362518743335 0.62 5 1 35
1359 123 6 1160 1/1 170.3381591267073 0.53 23 1 46
1361 123 8 1250 1/1 766.52171607018283 0.53 2 1 51
1364 124 0 1308 3/4 1724.6738611579115 0.25 19 1 33
1380 125 5 1126 16/5 408.81158190409758 0.54 11 1 78
1394 126 8 1250 8/3 2044.0579095204876 0.03 23 1 78
1404 127 7 1359 4/5 136.27052730136583 0.93 19 1 41
1409 128 1 1364 3/8 646.75269793421683 0.56 23 1 73
1411 128 3 1256 8/5 2691.7635022492009 0.33 3 1 96
1455 132 3 1256 1/5 336.47043778115011 0.17 23 1 85
1456 132 4 1455 5/1 1682.3521889057506 0.49 7 1 21
1462 132 10 1318 8/5 2616.3941241862244 0.09 7 1 27
1512 137 5 1456 1/3 560.7840629685835 0.16 1 1 27
1534 139 5 1456 5/16 525.73505903304704 0.22 3 1 37
1538 139 9 1394 5/8 1277.5361934503048 0.95 13 1 26
1544 140 4 1455 5/16 105.14701180660941 0.07 3 1 82
1550 140 10 1538 3/8 479.07607254386431 0.57 11 1 96
1578 143 5 1544 3/2 157.72051770991413 0.80 2 1 53
1584 144 0 1550 3/2 718.6141088157965 0.93 23 1 6
1586 144 2 1409 3/1 1940.2580938026504 0.31 23 1 68
1588 144 4 1455 2/3 224.31362518743339 0.84 19 1 91
1611 146 5 1588 5/8 140.19601574214587 0.33 13 1 2
1623 147 6 1611 1/1 140.19601574214587 0.90 13 1 20
1624 147 7 1623 3/4 105.14701180660941 0.89 5 1 31
1658 150 8 1624 2/1 210.29402361321883 0.37 7 1 76
1673 152 1 1584 1/6 119.76901813596608 0.14 1 1 56
1682 152 10 1538 5/8 798.46012090644058 0.96 5 1 93
1690 153 7 1623 8/3 373.85604197905565 0.41 29 0.9889666132136138 54
1692 153 9 1658 5/1 1051.4701180660941 0.23 3 1 37
1695 154 1 1584 5/4 898.26763601974562 0.38 1 1 87
1717 156 1 1584 3/1 2155.8423264473895 0.97 2 1 50
1719 156 3 1586 5/8 1212.6613086266566 0.87 7 1 34
1736 157 9 1658 4/5 168.23521889057508 0.37 1 1 37
1746 158 8 1690 5/2 934.64010494763909 0.24 13 0.7444581511382601 15
1748 158 10 1736 6/1 1009.4113133434505 0.11 3 0.4709837282711441 5
1750 159 1 1584 1/6 119.76901813596608 0.46 17 1 39
1758 159 9 1746 4/3 1246.186806596852 0.41 7 0.5003166169414128 30
1765 160 5 1588 4/1 897.25450074973355 0.13 17 0.8815056134685185 37
1777 161 6 1765 1/6 149.54241679162226 0.28 17 0.3694912901544229 91
1792 162 10 1758 4/3 1661.5824087958026 0.06 11 0.6652820624231388 0
1807 164 3 1586 3/2 2910.3871407039755 0.57 17 0.239627999653156 78
1808 164 4 1807 2/5 1164.1548562815904 0.20 3 0.239627999653156 36
1846 167 9 1746 5/4 1168.3001311845489 0.77 13 0.09457270547942394 49
1848 168 0 1792 5/8 1038.4890054973766 0.61 13 0.11339025110971537 43
1850 168 2 1750 8/3 319.38404836257621 0.76 11 0.15341033973667373 52
1852 168 4 1807 2/3 1940.2580938026504 0.41 11 0.31295709306281444 52
